# FIR type: ブースト
# tap_count: 777
# low_gain: 1.0429102980354643
# mid_gain: 1.1852051630948557
# high_gain: 0.9037477750831152
# base_boost: 1.05
# scale_boost: 0.1
# use_auto_taps: False
# ----
-0.0000009999
-0.0000009434
-0.0000008864
-0.0000008290
-0.0000007711
-0.0000007130
-0.0000006546
-0.0000005961
-0.0000005375
-0.0000004790
-0.0000004206
-0.0000003624
-0.0000003044
-0.0000002468
-0.0000001896
-0.0000001330
-0.0000000769
-0.0000000215
0.0000000332
0.0000000870
0.0000001398
0.0000001917
0.0000002424
0.0000002920
0.0000003403
0.0000003872
0.0000004326
0.0000004765
0.0000005187
0.0000005592
0.0000005978
0.0000006345
0.0000006691
0.0000007016
0.0000007319
0.0000007599
0.0000007854
0.0000008084
0.0000008289
0.0000008466
0.0000008616
0.0000008737
0.0000008829
0.0000008891
0.0000008922
0.0000008923
0.0000008891
0.0000008827
0.0000008731
0.0000008603
0.0000008441
0.0000008246
0.0000008019
0.0000007759
0.0000007468
0.0000007144
0.0000006790
0.0000006405
0.0000005992
0.0000005550
0.0000005083
0.0000004590
0.0000004074
0.0000003538
0.0000002983
0.0000002411
0.0000001826
0.0000001230
0.0000000627
0.0000000020
-0.0000000588
-0.0000001192
-0.0000001788
-0.0000002373
-0.0000002940
-0.0000003487
-0.0000004007
-0.0000004495
-0.0000004947
-0.0000005355
-0.0000005715
-0.0000006021
-0.0000006267
-0.0000006445
-0.0000006551
-0.0000006578
-0.0000006519
-0.0000006368
-0.0000006119
-0.0000005765
-0.0000005301
-0.0000004719
-0.0000004014
-0.0000003181
-0.0000002212
-0.0000001104
0.0000000148
0.0000001551
0.0000003107
0.0000004821
0.0000006696
0.0000008736
0.0000010942
0.0000013316
0.0000015860
0.0000018574
0.0000021458
0.0000024511
0.0000027730
0.0000031115
0.0000034660
0.0000038363
0.0000042217
0.0000046216
0.0000050354
0.0000054623
0.0000059012
0.0000063513
0.0000068114
0.0000072803
0.0000077567
0.0000082392
0.0000087262
0.0000092162
0.0000097074
0.0000101980
0.0000106862
0.0000111699
0.0000116471
0.0000121155
0.0000125730
0.0000130173
0.0000134460
0.0000138566
0.0000142467
0.0000146137
0.0000149550
0.0000152681
0.0000155503
0.0000157989
0.0000160113
0.0000161849
0.0000163171
0.0000164051
0.0000164464
0.0000164385
0.0000163789
0.0000162651
0.0000160948
0.0000158658
0.0000155758
0.0000152228
0.0000148048
0.0000143200
0.0000137667
0.0000131434
0.0000124486
0.0000116812
0.0000108401
0.0000099244
0.0000089334
0.0000078667
0.0000067240
0.0000055053
0.0000042107
0.0000028406
0.0000013957
-0.0000001232
-0.0000017149
-0.0000033781
-0.0000051111
-0.0000069122
-0.0000087790
-0.0000107094
-0.0000127005
-0.0000147496
-0.0000168534
-0.0000190085
-0.0000212113
-0.0000234578
-0.0000257439
-0.0000280650
-0.0000304167
-0.0000327940
-0.0000351917
-0.0000376045
-0.0000400269
-0.0000424531
-0.0000448771
-0.0000472928
-0.0000496939
-0.0000520739
-0.0000544261
-0.0000567437
-0.0000590198
-0.0000612474
-0.0000634193
-0.0000655282
-0.0000675669
-0.0000695278
-0.0000714036
-0.0000731868
-0.0000748698
-0.0000764451
-0.0000779053
-0.0000792428
-0.0000804502
-0.0000815202
-0.0000824454
-0.0000832186
-0.0000838327
-0.0000842808
-0.0000845560
-0.0000846517
-0.0000845614
-0.0000842789
-0.0000837982
-0.0000831133
-0.0000822189
-0.0000811095
-0.0000797804
-0.0000782267
-0.0000764443
-0.0000744291
-0.0000721776
-0.0000696866
-0.0000669533
-0.0000639753
-0.0000607508
-0.0000572783
-0.0000535569
-0.0000495861
-0.0000453661
-0.0000408973
-0.0000361810
-0.0000312189
-0.0000260133
-0.0000205670
-0.0000148837
-0.0000089675
-0.0000028231
0.0000035440
0.0000101278
0.0000169215
0.0000239176
0.0000311080
0.0000384840
0.0000460360
0.0000537538
0.0000616265
0.0000696424
0.0000777894
0.0000860543
0.0000944234
0.0001028823
0.0001114160
0.0001200086
0.0001286437
0.0001373042
0.0001459725
0.0001546301
0.0001632580
0.0001718369
0.0001803465
0.0001887662
0.0001970748
0.0002052509
0.0002132721
0.0002211162
0.0002287601
0.0002361807
0.0002433543
0.0002502572
0.0002568654
0.0002631545
0.0002691003
0.0002746782
0.0002798637
0.0002846323
0.0002889596
0.0002928212
0.0002961929
0.0002990508
0.0003013710
0.0003031301
0.0003043053
0.0003048738
0.0003048135
0.0003041030
0.0003027212
0.0003006479
0.0002978634
0.0002943490
0.0002900866
0.0002850591
0.0002792503
0.0002726450
0.0002652291
0.0002569893
0.0002479137
0.0002379914
0.0002272130
0.0002155699
0.0002030551
0.0001896628
0.0001753887
0.0001602297
0.0001441842
0.0001272521
0.0001094346
0.0000907346
0.0000711562
0.0000507053
0.0000293892
0.0000072166
-0.0000158020
-0.0000396549
-0.0000643286
-0.0000898082
-0.0001160773
-0.0001431181
-0.0001709113
-0.0001994358
-0.0002286697
-0.0002585892
-0.0002891693
-0.0003203838
-0.0003522049
-0.0003846038
-0.0004175504
-0.0004510133
-0.0004849603
-0.0005193578
-0.0005541713
-0.0005893653
-0.0006249034
-0.0006607484
-0.0006968622
-0.0007332060
-0.0007697403
-0.0008064250
-0.0008432196
-0.0008800829
-0.0009169733
-0.0009538489
-0.0009906677
-0.0010273872
-0.0010639648
-0.0011003579
-0.0011365240
-0.0011724205
-0.0012080048
-0.0012432348
-0.0012780684
-0.0013124640
-0.0013463802
-0.0013797762
-0.0014126117
-0.0014448469
-0.0014764426
-0.0015073605
-0.0015375628
-0.0015670126
-0.0015956740
-0.0016235117
-0.0016504917
-0.0016765808
-0.0017017468
-0.0017259589
-0.0017491871
-0.0017714029
-0.0017925788
-0.0018126886
-0.0018317075
-0.0018496120
-0.0018663800
-0.0018819906
-0.0018964246
-0.0019096641
-0.0019216927
-0.0019324954
-0.0019420590
-0.0019503716
-0.0019574228
-0.0019632040
-0.0019677078
-0.0019709289
-0.0019728631
1.1440759938
-0.0019728631
-0.0019709289
-0.0019677078
-0.0019632040
-0.0019574228
-0.0019503716
-0.0019420590
-0.0019324954
-0.0019216927
-0.0019096641
-0.0018964246
-0.0018819906
-0.0018663800
-0.0018496120
-0.0018317075
-0.0018126886
-0.0017925788
-0.0017714029
-0.0017491871
-0.0017259589
-0.0017017468
-0.0016765808
-0.0016504917
-0.0016235117
-0.0015956740
-0.0015670126
-0.0015375628
-0.0015073605
-0.0014764426
-0.0014448469
-0.0014126117
-0.0013797762
-0.0013463802
-0.0013124640
-0.0012780684
-0.0012432348
-0.0012080048
-0.0011724205
-0.0011365240
-0.0011003579
-0.0010639648
-0.0010273872
-0.0009906677
-0.0009538489
-0.0009169733
-0.0008800829
-0.0008432196
-0.0008064250
-0.0007697403
-0.0007332060
-0.0006968622
-0.0006607484
-0.0006249034
-0.0005893653
-0.0005541713
-0.0005193578
-0.0004849603
-0.0004510133
-0.0004175504
-0.0003846038
-0.0003522049
-0.0003203838
-0.0002891693
-0.0002585892
-0.0002286697
-0.0001994358
-0.0001709113
-0.0001431181
-0.0001160773
-0.0000898082
-0.0000643286
-0.0000396549
-0.0000158020
0.0000072166
0.0000293892
0.0000507053
0.0000711562
0.0000907346
0.0001094346
0.0001272521
0.0001441842
0.0001602297
0.0001753887
0.0001896628
0.0002030551
0.0002155699
0.0002272130
0.0002379914
0.0002479137
0.0002569893
0.0002652291
0.0002726450
0.0002792503
0.0002850591
0.0002900866
0.0002943490
0.0002978634
0.0003006479
0.0003027212
0.0003041030
0.0003048135
0.0003048738
0.0003043053
0.0003031301
0.0003013710
0.0002990508
0.0002961929
0.0002928212
0.0002889596
0.0002846323
0.0002798637
0.0002746782
0.0002691003
0.0002631545
0.0002568654
0.0002502572
0.0002433543
0.0002361807
0.0002287601
0.0002211162
0.0002132721
0.0002052509
0.0001970748
0.0001887662
0.0001803465
0.0001718369
0.0001632580
0.0001546301
0.0001459725
0.0001373042
0.0001286437
0.0001200086
0.0001114160
0.0001028823
0.0000944234
0.0000860543
0.0000777894
0.0000696424
0.0000616265
0.0000537538
0.0000460360
0.0000384840
0.0000311080
0.0000239176
0.0000169215
0.0000101278
0.0000035440
-0.0000028231
-0.0000089675
-0.0000148837
-0.0000205670
-0.0000260133
-0.0000312189
-0.0000361810
-0.0000408973
-0.0000453661
-0.0000495861
-0.0000535569
-0.0000572783
-0.0000607508
-0.0000639753
-0.0000669533
-0.0000696866
-0.0000721776
-0.0000744291
-0.0000764443
-0.0000782267
-0.0000797804
-0.0000811095
-0.0000822189
-0.0000831133
-0.0000837982
-0.0000842789
-0.0000845614
-0.0000846517
-0.0000845560
-0.0000842808
-0.0000838327
-0.0000832186
-0.0000824454
-0.0000815202
-0.0000804502
-0.0000792428
-0.0000779053
-0.0000764451
-0.0000748698
-0.0000731868
-0.0000714036
-0.0000695278
-0.0000675669
-0.0000655282
-0.0000634193
-0.0000612474
-0.0000590198
-0.0000567437
-0.0000544261
-0.0000520739
-0.0000496939
-0.0000472928
-0.0000448771
-0.0000424531
-0.0000400269
-0.0000376045
-0.0000351917
-0.0000327940
-0.0000304167
-0.0000280650
-0.0000257439
-0.0000234578
-0.0000212113
-0.0000190085
-0.0000168534
-0.0000147496
-0.0000127005
-0.0000107094
-0.0000087790
-0.0000069122
-0.0000051111
-0.0000033781
-0.0000017149
-0.0000001232
0.0000013957
0.0000028406
0.0000042107
0.0000055053
0.0000067240
0.0000078667
0.0000089334
0.0000099244
0.0000108401
0.0000116812
0.0000124486
0.0000131434
0.0000137667
0.0000143200
0.0000148048
0.0000152228
0.0000155758
0.0000158658
0.0000160948
0.0000162651
0.0000163789
0.0000164385
0.0000164464
0.0000164051
0.0000163171
0.0000161849
0.0000160113
0.0000157989
0.0000155503
0.0000152681
0.0000149550
0.0000146137
0.0000142467
0.0000138566
0.0000134460
0.0000130173
0.0000125730
0.0000121155
0.0000116471
0.0000111699
0.0000106862
0.0000101980
0.0000097074
0.0000092162
0.0000087262
0.0000082392
0.0000077567
0.0000072803
0.0000068114
0.0000063513
0.0000059012
0.0000054623
0.0000050354
0.0000046216
0.0000042217
0.0000038363
0.0000034660
0.0000031115
0.0000027730
0.0000024511
0.0000021458
0.0000018574
0.0000015860
0.0000013316
0.0000010942
0.0000008736
0.0000006696
0.0000004821
0.0000003107
0.0000001551
0.0000000148
-0.0000001104
-0.0000002212
-0.0000003181
-0.0000004014
-0.0000004719
-0.0000005301
-0.0000005765
-0.0000006119
-0.0000006368
-0.0000006519
-0.0000006578
-0.0000006551
-0.0000006445
-0.0000006267
-0.0000006021
-0.0000005715
-0.0000005355
-0.0000004947
-0.0000004495
-0.0000004007
-0.0000003487
-0.0000002940
-0.0000002373
-0.0000001788
-0.0000001192
-0.0000000588
0.0000000020
0.0000000627
0.0000001230
0.0000001826
0.0000002411
0.0000002983
0.0000003538
0.0000004074
0.0000004590
0.0000005083
0.0000005550
0.0000005992
0.0000006405
0.0000006790
0.0000007144
0.0000007468
0.0000007759
0.0000008019
0.0000008246
0.0000008441
0.0000008603
0.0000008731
0.0000008827
0.0000008891
0.0000008923
0.0000008922
0.0000008891
0.0000008829
0.0000008737
0.0000008616
0.0000008466
0.0000008289
0.0000008084
0.0000007854
0.0000007599
0.0000007319
0.0000007016
0.0000006691
0.0000006345
0.0000005978
0.0000005592
0.0000005187
0.0000004765
0.0000004326
0.0000003872
0.0000003403
0.0000002920
0.0000002424
0.0000001917
0.0000001398
0.0000000870
0.0000000332
-0.0000000215
-0.0000000769
-0.0000001330
-0.0000001896
-0.0000002468
-0.0000003044
-0.0000003624
-0.0000004206
-0.0000004790
-0.0000005375
-0.0000005961
-0.0000006546
-0.0000007130
-0.0000007711
-0.0000008290
-0.0000008864
-0.0000009434
-0.0000009999
