# FIR type: ブースト
# tap_count: 777
# low_gain: 1.15
# mid_gain: 1.0
# high_gain: 1.0
# base_boost: 1.0
# scale_boost: 0.12
# use_auto_taps: 0
# ----
-0.0000017835
-0.0000017416
-0.0000016945
-0.0000016425
-0.0000015854
-0.0000015236
-0.0000014572
-0.0000013862
-0.0000013109
-0.0000012315
-0.0000011482
-0.0000010613
-0.0000009709
-0.0000008773
-0.0000007809
-0.0000006819
-0.0000005807
-0.0000004775
-0.0000003727
-0.0000002667
-0.0000001598
-0.0000000525
0.0000000550
0.0000001622
0.0000002686
0.0000003739
0.0000004777
0.0000005796
0.0000006790
0.0000007757
0.0000008691
0.0000009589
0.0000010447
0.0000011261
0.0000012026
0.0000012740
0.0000013398
0.0000013998
0.0000014537
0.0000015010
0.0000015417
0.0000015755
0.0000016022
0.0000016216
0.0000016335
0.0000016380
0.0000016350
0.0000016244
0.0000016063
0.0000015808
0.0000015480
0.0000015081
0.0000014612
0.0000014077
0.0000013479
0.0000012820
0.0000012106
0.0000011340
0.0000010526
0.0000009671
0.0000008780
0.0000007858
0.0000006911
0.0000005947
0.0000004972
0.0000003991
0.0000003014
0.0000002047
0.0000001096
0.0000000170
-0.0000000725
-0.0000001580
-0.0000002390
-0.0000003146
-0.0000003842
-0.0000004472
-0.0000005030
-0.0000005508
-0.0000005902
-0.0000006207
-0.0000006417
-0.0000006529
-0.0000006538
-0.0000006442
-0.0000006238
-0.0000005924
-0.0000005498
-0.0000004959
-0.0000004309
-0.0000003546
-0.0000002672
-0.0000001689
-0.0000000599
0.0000000595
0.0000001890
0.0000003280
0.0000004763
0.0000006332
0.0000007983
0.0000009709
0.0000011504
0.0000013361
0.0000015274
0.0000017235
0.0000019237
0.0000021273
0.0000023336
0.0000025418
0.0000027512
0.0000029610
0.0000031706
0.0000033794
0.0000035866
0.0000037916
0.0000039939
0.0000041930
0.0000043883
0.0000045794
0.0000047660
0.0000049476
0.0000051240
0.0000052950
0.0000054603
0.0000056198
0.0000057734
0.0000059212
0.0000060630
0.0000061989
0.0000063289
0.0000064532
0.0000065719
0.0000066851
0.0000067929
0.0000068954
0.0000069929
0.0000070852
0.0000071726
0.0000072551
0.0000073326
0.0000074051
0.0000074725
0.0000075345
0.0000075908
0.0000076411
0.0000076848
0.0000077214
0.0000077502
0.0000077702
0.0000077806
0.0000077803
0.0000077679
0.0000077423
0.0000077017
0.0000076446
0.0000075692
0.0000074736
0.0000073556
0.0000072132
0.0000070440
0.0000068457
0.0000066156
0.0000063512
0.0000060499
0.0000057088
0.0000053253
0.0000048966
0.0000044197
0.0000038921
0.0000033108
0.0000026732
0.0000019768
0.0000012189
0.0000003973
-0.0000004903
-0.0000014459
-0.0000024712
-0.0000035680
-0.0000047374
-0.0000059806
-0.0000072982
-0.0000086905
-0.0000101577
-0.0000116993
-0.0000133145
-0.0000150021
-0.0000167604
-0.0000185874
-0.0000204803
-0.0000224361
-0.0000244513
-0.0000265217
-0.0000286426
-0.0000308090
-0.0000330152
-0.0000352550
-0.0000375217
-0.0000398083
-0.0000421070
-0.0000444097
-0.0000467078
-0.0000489925
-0.0000512541
-0.0000534830
-0.0000556690
-0.0000578018
-0.0000598705
-0.0000618642
-0.0000637718
-0.0000655821
-0.0000672835
-0.0000688646
-0.0000703140
-0.0000716203
-0.0000727720
-0.0000737581
-0.0000745675
-0.0000751895
-0.0000756136
-0.0000758300
-0.0000758288
-0.0000756009
-0.0000751377
-0.0000744311
-0.0000734735
-0.0000722584
-0.0000707795
-0.0000690315
-0.0000670098
-0.0000647109
-0.0000621319
-0.0000592707
-0.0000561264
-0.0000526989
-0.0000489891
-0.0000449989
-0.0000407310
-0.0000361894
-0.0000313789
-0.0000263053
-0.0000209755
-0.0000153973
-0.0000095795
-0.0000035318
0.0000027351
0.0000092096
0.0000158794
0.0000227310
0.0000297505
0.0000369231
0.0000442331
0.0000516643
0.0000591999
0.0000668224
0.0000745140
0.0000822561
0.0000900301
0.0000978166
0.0001055963
0.0001133494
0.0001210561
0.0001286962
0.0001362498
0.0001436968
0.0001510170
0.0001581906
0.0001651977
0.0001720187
0.0001786342
0.0001850253
0.0001911730
0.0001970591
0.0002026655
0.0002079748
0.0002129698
0.0002176340
0.0002219514
0.0002259063
0.0002294838
0.0002326696
0.0002354497
0.0002378109
0.0002397406
0.0002412265
0.0002422573
0.0002428219
0.0002429099
0.0002425114
0.0002416172
0.0002402184
0.0002383068
0.0002358744
0.0002329140
0.0002294186
0.0002253818
0.0002207973
0.0002156595
0.0002099631
0.0002037030
0.0001968746
0.0001894734
0.0001814954
0.0001729367
0.0001637938
0.0001540635
0.0001437427
0.0001328286
0.0001213187
0.0001092109
0.0000965030
0.0000831934
0.0000692807
0.0000547638
0.0000396419
0.0000239146
0.0000075819
-0.0000093558
-0.0000268977
-0.0000450423
-0.0000637879
-0.0000831320
-0.0001030714
-0.0001236026
-0.0001447209
-0.0001664211
-0.0001886973
-0.0002115424
-0.0002349486
-0.0002589070
-0.0002834079
-0.0003084402
-0.0003339919
-0.0003600496
-0.0003865990
-0.0004136242
-0.0004411082
-0.0004690325
-0.0004973775
-0.0005261219
-0.0005552432
-0.0005847173
-0.0006145187
-0.0006446205
-0.0006749944
-0.0007056104
-0.0007364374
-0.0007674427
-0.0007985923
-0.0008298507
-0.0008611813
-0.0008925461
-0.0009239060
-0.0009552208
-0.0009864491
-0.0010175486
-0.0010484761
-0.0010791877
-0.0011096385
-0.0011397834
-0.0011695765
-0.0011989716
-0.0012279222
-0.0012563819
-0.0012843039
-0.0013116418
-0.0013383494
-0.0013643808
-0.0013896907
-0.0014142345
-0.0014379682
-0.0014608490
-0.0014828350
-0.0015038855
-0.0015239612
-0.0015430243
-0.0015610384
-0.0015779691
-0.0015937836
-0.0016084511
-0.0016219430
-0.0016342325
-0.0016452955
-0.0016551098
-0.0016636558
-0.0016709165
-0.0016768771
-0.0016815257
-0.0016848529
-0.0016868519
1.1183124813
-0.0016868519
-0.0016848529
-0.0016815257
-0.0016768771
-0.0016709165
-0.0016636558
-0.0016551098
-0.0016452955
-0.0016342325
-0.0016219430
-0.0016084511
-0.0015937836
-0.0015779691
-0.0015610384
-0.0015430243
-0.0015239612
-0.0015038855
-0.0014828350
-0.0014608490
-0.0014379682
-0.0014142345
-0.0013896907
-0.0013643808
-0.0013383494
-0.0013116418
-0.0012843039
-0.0012563819
-0.0012279222
-0.0011989716
-0.0011695765
-0.0011397834
-0.0011096385
-0.0010791877
-0.0010484761
-0.0010175486
-0.0009864491
-0.0009552208
-0.0009239060
-0.0008925461
-0.0008611813
-0.0008298507
-0.0007985923
-0.0007674427
-0.0007364374
-0.0007056104
-0.0006749944
-0.0006446205
-0.0006145187
-0.0005847173
-0.0005552432
-0.0005261219
-0.0004973775
-0.0004690325
-0.0004411082
-0.0004136242
-0.0003865990
-0.0003600496
-0.0003339919
-0.0003084402
-0.0002834079
-0.0002589070
-0.0002349486
-0.0002115424
-0.0001886973
-0.0001664211
-0.0001447209
-0.0001236026
-0.0001030714
-0.0000831320
-0.0000637879
-0.0000450423
-0.0000268977
-0.0000093558
0.0000075819
0.0000239146
0.0000396419
0.0000547638
0.0000692807
0.0000831934
0.0000965030
0.0001092109
0.0001213187
0.0001328286
0.0001437427
0.0001540635
0.0001637938
0.0001729367
0.0001814954
0.0001894734
0.0001968746
0.0002037030
0.0002099631
0.0002156595
0.0002207973
0.0002253818
0.0002294186
0.0002329140
0.0002358744
0.0002383068
0.0002402184
0.0002416172
0.0002425114
0.0002429099
0.0002428219
0.0002422573
0.0002412265
0.0002397406
0.0002378109
0.0002354497
0.0002326696
0.0002294838
0.0002259063
0.0002219514
0.0002176340
0.0002129698
0.0002079748
0.0002026655
0.0001970591
0.0001911730
0.0001850253
0.0001786342
0.0001720187
0.0001651977
0.0001581906
0.0001510170
0.0001436968
0.0001362498
0.0001286962
0.0001210561
0.0001133494
0.0001055963
0.0000978166
0.0000900301
0.0000822561
0.0000745140
0.0000668224
0.0000591999
0.0000516643
0.0000442331
0.0000369231
0.0000297505
0.0000227310
0.0000158794
0.0000092096
0.0000027351
-0.0000035318
-0.0000095795
-0.0000153973
-0.0000209755
-0.0000263053
-0.0000313789
-0.0000361894
-0.0000407310
-0.0000449989
-0.0000489891
-0.0000526989
-0.0000561264
-0.0000592707
-0.0000621319
-0.0000647109
-0.0000670098
-0.0000690315
-0.0000707795
-0.0000722584
-0.0000734735
-0.0000744311
-0.0000751377
-0.0000756009
-0.0000758288
-0.0000758300
-0.0000756136
-0.0000751895
-0.0000745675
-0.0000737581
-0.0000727720
-0.0000716203
-0.0000703140
-0.0000688646
-0.0000672835
-0.0000655821
-0.0000637718
-0.0000618642
-0.0000598705
-0.0000578018
-0.0000556690
-0.0000534830
-0.0000512541
-0.0000489925
-0.0000467078
-0.0000444097
-0.0000421070
-0.0000398083
-0.0000375217
-0.0000352550
-0.0000330152
-0.0000308090
-0.0000286426
-0.0000265217
-0.0000244513
-0.0000224361
-0.0000204803
-0.0000185874
-0.0000167604
-0.0000150021
-0.0000133145
-0.0000116993
-0.0000101577
-0.0000086905
-0.0000072982
-0.0000059806
-0.0000047374
-0.0000035680
-0.0000024712
-0.0000014459
-0.0000004903
0.0000003973
0.0000012189
0.0000019768
0.0000026732
0.0000033108
0.0000038921
0.0000044197
0.0000048966
0.0000053253
0.0000057088
0.0000060499
0.0000063512
0.0000066156
0.0000068457
0.0000070440
0.0000072132
0.0000073556
0.0000074736
0.0000075692
0.0000076446
0.0000077017
0.0000077423
0.0000077679
0.0000077803
0.0000077806
0.0000077702
0.0000077502
0.0000077214
0.0000076848
0.0000076411
0.0000075908
0.0000075345
0.0000074725
0.0000074051
0.0000073326
0.0000072551
0.0000071726
0.0000070852
0.0000069929
0.0000068954
0.0000067929
0.0000066851
0.0000065719
0.0000064532
0.0000063289
0.0000061989
0.0000060630
0.0000059212
0.0000057734
0.0000056198
0.0000054603
0.0000052950
0.0000051240
0.0000049476
0.0000047660
0.0000045794
0.0000043883
0.0000041930
0.0000039939
0.0000037916
0.0000035866
0.0000033794
0.0000031706
0.0000029610
0.0000027512
0.0000025418
0.0000023336
0.0000021273
0.0000019237
0.0000017235
0.0000015274
0.0000013361
0.0000011504
0.0000009709
0.0000007983
0.0000006332
0.0000004763
0.0000003280
0.0000001890
0.0000000595
-0.0000000599
-0.0000001689
-0.0000002672
-0.0000003546
-0.0000004309
-0.0000004959
-0.0000005498
-0.0000005924
-0.0000006238
-0.0000006442
-0.0000006538
-0.0000006529
-0.0000006417
-0.0000006207
-0.0000005902
-0.0000005508
-0.0000005030
-0.0000004472
-0.0000003842
-0.0000003146
-0.0000002390
-0.0000001580
-0.0000000725
0.0000000170
0.0000001096
0.0000002047
0.0000003014
0.0000003991
0.0000004972
0.0000005947
0.0000006911
0.0000007858
0.0000008780
0.0000009671
0.0000010526
0.0000011340
0.0000012106
0.0000012820
0.0000013479
0.0000014077
0.0000014612
0.0000015081
0.0000015480
0.0000015808
0.0000016063
0.0000016244
0.0000016350
0.0000016380
0.0000016335
0.0000016216
0.0000016022
0.0000015755
0.0000015417
0.0000015010
0.0000014537
0.0000013998
0.0000013398
0.0000012740
0.0000012026
0.0000011261
0.0000010447
0.0000009589
0.0000008691
0.0000007757
0.0000006790
0.0000005796
0.0000004777
0.0000003739
0.0000002686
0.0000001622
0.0000000550
-0.0000000525
-0.0000001598
-0.0000002667
-0.0000003727
-0.0000004775
-0.0000005807
-0.0000006819
-0.0000007809
-0.0000008773
-0.0000009709
-0.0000010613
-0.0000011482
-0.0000012315
-0.0000013109
-0.0000013862
-0.0000014572
-0.0000015236
-0.0000015854
-0.0000016425
-0.0000016945
-0.0000017416
-0.0000017835
