# FIR type: ブースト
# tap_count: 777
# low_gain: 1.2
# mid_gain: 1.0
# high_gain: 0.9
# base_boost: 1.05
# scale_boost: 0.15
# use_auto_taps: 0
# ----
-0.0000026158
-0.0000025443
-0.0000024660
-0.0000023810
-0.0000022895
-0.0000021917
-0.0000020878
-0.0000019780
-0.0000018626
-0.0000017419
-0.0000016162
-0.0000014858
-0.0000013510
-0.0000012122
-0.0000010699
-0.0000009243
-0.0000007761
-0.0000006255
-0.0000004731
-0.0000003193
-0.0000001647
-0.0000000098
0.0000001449
0.0000002989
0.0000004516
0.0000006023
0.0000007507
0.0000008960
0.0000010378
0.0000011753
0.0000013082
0.0000014358
0.0000015575
0.0000016728
0.0000017812
0.0000018822
0.0000019754
0.0000020601
0.0000021361
0.0000022030
0.0000022603
0.0000023078
0.0000023451
0.0000023721
0.0000023886
0.0000023945
0.0000023896
0.0000023740
0.0000023476
0.0000023107
0.0000022633
0.0000022056
0.0000021380
0.0000020608
0.0000019744
0.0000018792
0.0000017759
0.0000016649
0.0000015469
0.0000014227
0.0000012929
0.0000011585
0.0000010202
0.0000008789
0.0000007356
0.0000005912
0.0000004467
0.0000003032
0.0000001616
0.0000000231
-0.0000001113
-0.0000002405
-0.0000003636
-0.0000004794
-0.0000005870
-0.0000006852
-0.0000007733
-0.0000008502
-0.0000009150
-0.0000009669
-0.0000010052
-0.0000010290
-0.0000010377
-0.0000010307
-0.0000010075
-0.0000009676
-0.0000009107
-0.0000008364
-0.0000007445
-0.0000006349
-0.0000005075
-0.0000003625
-0.0000001998
-0.0000000197
0.0000001775
0.0000003914
0.0000006216
0.0000008677
0.0000011289
0.0000014048
0.0000016944
0.0000019972
0.0000023122
0.0000026386
0.0000029755
0.0000033220
0.0000036771
0.0000040399
0.0000044092
0.0000047842
0.0000051639
0.0000055471
0.0000059330
0.0000063205
0.0000067087
0.0000070967
0.0000074835
0.0000078683
0.0000082502
0.0000086284
0.0000090021
0.0000093706
0.0000097332
0.0000100892
0.0000104380
0.0000107789
0.0000111114
0.0000114349
0.0000117488
0.0000120527
0.0000123459
0.0000126280
0.0000128983
0.0000131563
0.0000134014
0.0000136330
0.0000138503
0.0000140526
0.0000142391
0.0000144089
0.0000145609
0.0000146942
0.0000148075
0.0000148995
0.0000149689
0.0000150139
0.0000150331
0.0000150245
0.0000149862
0.0000149160
0.0000148117
0.0000146709
0.0000144911
0.0000142694
0.0000140032
0.0000136894
0.0000133250
0.0000129067
0.0000124312
0.0000118952
0.0000112952
0.0000106276
0.0000098890
0.0000090758
0.0000081844
0.0000072114
0.0000061533
0.0000050068
0.0000037686
0.0000024358
0.0000010053
-0.0000005255
-0.0000021589
-0.0000038972
-0.0000057421
-0.0000076951
-0.0000097573
-0.0000119293
-0.0000142114
-0.0000166032
-0.0000191039
-0.0000217123
-0.0000244264
-0.0000272437
-0.0000301611
-0.0000331747
-0.0000362802
-0.0000394723
-0.0000427453
-0.0000460926
-0.0000495070
-0.0000529804
-0.0000565044
-0.0000600693
-0.0000636652
-0.0000672812
-0.0000709059
-0.0000745272
-0.0000781322
-0.0000817077
-0.0000852397
-0.0000887137
-0.0000921147
-0.0000954274
-0.0000986360
-0.0001017242
-0.0001046756
-0.0001074736
-0.0001101013
-0.0001125416
-0.0001147777
-0.0001167924
-0.0001185690
-0.0001200907
-0.0001213410
-0.0001223039
-0.0001229635
-0.0001233046
-0.0001233125
-0.0001229731
-0.0001222729
-0.0001211994
-0.0001197408
-0.0001178862
-0.0001156258
-0.0001129505
-0.0001098528
-0.0001063260
-0.0001023648
-0.0000979649
-0.0000931237
-0.0000878397
-0.0000821127
-0.0000759441
-0.0000693366
-0.0000622946
-0.0000548236
-0.0000469309
-0.0000386251
-0.0000299162
-0.0000208160
-0.0000113374
-0.0000014948
0.0000086957
0.0000192169
0.0000300504
0.0000411761
0.0000525730
0.0000642187
0.0000760897
0.0000881615
0.0001004084
0.0001128040
0.0001253208
0.0001379305
0.0001506042
0.0001633122
0.0001760244
0.0001887098
0.0002013374
0.0002138756
0.0002262927
0.0002385566
0.0002506353
0.0002624965
0.0002741082
0.0002854384
0.0002964553
0.0003071272
0.0003174229
0.0003273115
0.0003367625
0.0003457460
0.0003542325
0.0003621931
0.0003695997
0.0003764245
0.0003826408
0.0003882224
0.0003931439
0.0003973808
0.0004009091
0.0004037059
0.0004057490
0.0004070172
0.0004074898
0.0004071472
0.0004059707
0.0004039422
0.0004010445
0.0003972614
0.0003925773
0.0003869776
0.0003804482
0.0003729762
0.0003645491
0.0003551554
0.0003447843
0.0003334256
0.0003210701
0.0003077090
0.0002933347
0.0002779398
0.0002615181
0.0002440638
0.0002255720
0.0002060386
0.0001854601
0.0001638339
0.0001411582
0.0001174320
0.0000926552
0.0000668285
0.0000399537
0.0000120335
-0.0000169286
-0.0000469278
-0.0000779582
-0.0001100130
-0.0001430839
-0.0001771614
-0.0002122349
-0.0002482922
-0.0002853197
-0.0003233024
-0.0003622237
-0.0004020654
-0.0004428076
-0.0004844287
-0.0005269053
-0.0005702123
-0.0006143226
-0.0006592072
-0.0007048352
-0.0007511736
-0.0007981875
-0.0008458400
-0.0008940920
-0.0009429024
-0.0009922280
-0.0010420236
-0.0010922420
-0.0011428338
-0.0011937477
-0.0012449304
-0.0012963269
-0.0013478799
-0.0013995308
-0.0014512190
-0.0015028824
-0.0015544573
-0.0016058785
-0.0016570796
-0.0017079931
-0.0017585503
-0.0018086815
-0.0018583164
-0.0019073840
-0.0019558127
-0.0020035309
-0.0020504666
-0.0020965480
-0.0021417034
-0.0021858617
-0.0022289522
-0.0022709051
-0.0023116516
-0.0023511241
-0.0023892563
-0.0024259833
-0.0024612424
-0.0024949724
-0.0025271144
-0.0025576117
-0.0025864103
-0.0026134586
-0.0026387079
-0.0026621125
-0.0026836295
-0.0027032197
-0.0027208468
-0.0027364784
-0.0027500854
-0.0027616424
-0.0027711278
-0.0027785239
-0.0027838168
-0.0027869965
1.1972119430
-0.0027869965
-0.0027838168
-0.0027785239
-0.0027711278
-0.0027616424
-0.0027500854
-0.0027364784
-0.0027208468
-0.0027032197
-0.0026836295
-0.0026621125
-0.0026387079
-0.0026134586
-0.0025864103
-0.0025576117
-0.0025271144
-0.0024949724
-0.0024612424
-0.0024259833
-0.0023892563
-0.0023511241
-0.0023116516
-0.0022709051
-0.0022289522
-0.0021858617
-0.0021417034
-0.0020965480
-0.0020504666
-0.0020035309
-0.0019558127
-0.0019073840
-0.0018583164
-0.0018086815
-0.0017585503
-0.0017079931
-0.0016570796
-0.0016058785
-0.0015544573
-0.0015028824
-0.0014512190
-0.0013995308
-0.0013478799
-0.0012963269
-0.0012449304
-0.0011937477
-0.0011428338
-0.0010922420
-0.0010420236
-0.0009922280
-0.0009429024
-0.0008940920
-0.0008458400
-0.0007981875
-0.0007511736
-0.0007048352
-0.0006592072
-0.0006143226
-0.0005702123
-0.0005269053
-0.0004844287
-0.0004428076
-0.0004020654
-0.0003622237
-0.0003233024
-0.0002853197
-0.0002482922
-0.0002122349
-0.0001771614
-0.0001430839
-0.0001100130
-0.0000779582
-0.0000469278
-0.0000169286
0.0000120335
0.0000399537
0.0000668285
0.0000926552
0.0001174320
0.0001411582
0.0001638339
0.0001854601
0.0002060386
0.0002255720
0.0002440638
0.0002615181
0.0002779398
0.0002933347
0.0003077090
0.0003210701
0.0003334256
0.0003447843
0.0003551554
0.0003645491
0.0003729762
0.0003804482
0.0003869776
0.0003925773
0.0003972614
0.0004010445
0.0004039422
0.0004059707
0.0004071472
0.0004074898
0.0004070172
0.0004057490
0.0004037059
0.0004009091
0.0003973808
0.0003931439
0.0003882224
0.0003826408
0.0003764245
0.0003695997
0.0003621931
0.0003542325
0.0003457460
0.0003367625
0.0003273115
0.0003174229
0.0003071272
0.0002964553
0.0002854384
0.0002741082
0.0002624965
0.0002506353
0.0002385566
0.0002262927
0.0002138756
0.0002013374
0.0001887098
0.0001760244
0.0001633122
0.0001506042
0.0001379305
0.0001253208
0.0001128040
0.0001004084
0.0000881615
0.0000760897
0.0000642187
0.0000525730
0.0000411761
0.0000300504
0.0000192169
0.0000086957
-0.0000014948
-0.0000113374
-0.0000208160
-0.0000299162
-0.0000386251
-0.0000469309
-0.0000548236
-0.0000622946
-0.0000693366
-0.0000759441
-0.0000821127
-0.0000878397
-0.0000931237
-0.0000979649
-0.0001023648
-0.0001063260
-0.0001098528
-0.0001129505
-0.0001156258
-0.0001178862
-0.0001197408
-0.0001211994
-0.0001222729
-0.0001229731
-0.0001233125
-0.0001233046
-0.0001229635
-0.0001223039
-0.0001213410
-0.0001200907
-0.0001185690
-0.0001167924
-0.0001147777
-0.0001125416
-0.0001101013
-0.0001074736
-0.0001046756
-0.0001017242
-0.0000986360
-0.0000954274
-0.0000921147
-0.0000887137
-0.0000852397
-0.0000817077
-0.0000781322
-0.0000745272
-0.0000709059
-0.0000672812
-0.0000636652
-0.0000600693
-0.0000565044
-0.0000529804
-0.0000495070
-0.0000460926
-0.0000427453
-0.0000394723
-0.0000362802
-0.0000331747
-0.0000301611
-0.0000272437
-0.0000244264
-0.0000217123
-0.0000191039
-0.0000166032
-0.0000142114
-0.0000119293
-0.0000097573
-0.0000076951
-0.0000057421
-0.0000038972
-0.0000021589
-0.0000005255
0.0000010053
0.0000024358
0.0000037686
0.0000050068
0.0000061533
0.0000072114
0.0000081844
0.0000090758
0.0000098890
0.0000106276
0.0000112952
0.0000118952
0.0000124312
0.0000129067
0.0000133250
0.0000136894
0.0000140032
0.0000142694
0.0000144911
0.0000146709
0.0000148117
0.0000149160
0.0000149862
0.0000150245
0.0000150331
0.0000150139
0.0000149689
0.0000148995
0.0000148075
0.0000146942
0.0000145609
0.0000144089
0.0000142391
0.0000140526
0.0000138503
0.0000136330
0.0000134014
0.0000131563
0.0000128983
0.0000126280
0.0000123459
0.0000120527
0.0000117488
0.0000114349
0.0000111114
0.0000107789
0.0000104380
0.0000100892
0.0000097332
0.0000093706
0.0000090021
0.0000086284
0.0000082502
0.0000078683
0.0000074835
0.0000070967
0.0000067087
0.0000063205
0.0000059330
0.0000055471
0.0000051639
0.0000047842
0.0000044092
0.0000040399
0.0000036771
0.0000033220
0.0000029755
0.0000026386
0.0000023122
0.0000019972
0.0000016944
0.0000014048
0.0000011289
0.0000008677
0.0000006216
0.0000003914
0.0000001775
-0.0000000197
-0.0000001998
-0.0000003625
-0.0000005075
-0.0000006349
-0.0000007445
-0.0000008364
-0.0000009107
-0.0000009676
-0.0000010075
-0.0000010307
-0.0000010377
-0.0000010290
-0.0000010052
-0.0000009669
-0.0000009150
-0.0000008502
-0.0000007733
-0.0000006852
-0.0000005870
-0.0000004794
-0.0000003636
-0.0000002405
-0.0000001113
0.0000000231
0.0000001616
0.0000003032
0.0000004467
0.0000005912
0.0000007356
0.0000008789
0.0000010202
0.0000011585
0.0000012929
0.0000014227
0.0000015469
0.0000016649
0.0000017759
0.0000018792
0.0000019744
0.0000020608
0.0000021380
0.0000022056
0.0000022633
0.0000023107
0.0000023476
0.0000023740
0.0000023896
0.0000023945
0.0000023886
0.0000023721
0.0000023451
0.0000023078
0.0000022603
0.0000022030
0.0000021361
0.0000020601
0.0000019754
0.0000018822
0.0000017812
0.0000016728
0.0000015575
0.0000014358
0.0000013082
0.0000011753
0.0000010378
0.0000008960
0.0000007507
0.0000006023
0.0000004516
0.0000002989
0.0000001449
-0.0000000098
-0.0000001647
-0.0000003193
-0.0000004731
-0.0000006255
-0.0000007761
-0.0000009243
-0.0000010699
-0.0000012122
-0.0000013510
-0.0000014858
-0.0000016162
-0.0000017419
-0.0000018626
-0.0000019780
-0.0000020878
-0.0000021917
-0.0000022895
-0.0000023810
-0.0000024660
-0.0000025443
-0.0000026158
