# FIR type: ブースト
# tap_count: 777
# low_gain: 1.3
# mid_gain: 1.0
# high_gain: 1.2
# base_boost: 0.98
# scale_boost: 0.18
# use_auto_taps: 0
# ----
-0.0000025206
-0.0000024654
-0.0000024027
-0.0000023325
-0.0000022551
-0.0000021706
-0.0000020792
-0.0000019812
-0.0000018768
-0.0000017663
-0.0000016500
-0.0000015282
-0.0000014013
-0.0000012698
-0.0000011339
-0.0000009941
-0.0000008509
-0.0000007048
-0.0000005562
-0.0000004057
-0.0000002538
-0.0000001010
0.0000000520
0.0000002047
0.0000003566
0.0000005069
0.0000006552
0.0000008007
0.0000009429
0.0000010812
0.0000012150
0.0000013435
0.0000014664
0.0000015830
0.0000016927
0.0000017950
0.0000018895
0.0000019756
0.0000020529
0.0000021209
0.0000021794
0.0000022279
0.0000022663
0.0000022943
0.0000023116
0.0000023183
0.0000023141
0.0000022992
0.0000022736
0.0000022373
0.0000021907
0.0000021339
0.0000020673
0.0000019911
0.0000019060
0.0000018124
0.0000017108
0.0000016020
0.0000014865
0.0000013652
0.0000012388
0.0000011082
0.0000009742
0.0000008379
0.0000007001
0.0000005618
0.0000004241
0.0000002880
0.0000001545
0.0000000247
-0.0000001004
-0.0000002198
-0.0000003325
-0.0000004374
-0.0000005337
-0.0000006204
-0.0000006966
-0.0000007615
-0.0000008144
-0.0000008546
-0.0000008813
-0.0000008942
-0.0000008925
-0.0000008761
-0.0000008446
-0.0000007977
-0.0000007353
-0.0000006573
-0.0000005639
-0.0000004552
-0.0000003314
-0.0000001928
-0.0000000399
0.0000001269
0.0000003069
0.0000004995
0.0000007039
0.0000009194
0.0000011450
0.0000013799
0.0000016230
0.0000018733
0.0000021299
0.0000023915
0.0000026572
0.0000029259
0.0000031964
0.0000034676
0.0000037387
0.0000040083
0.0000042758
0.0000045399
0.0000048000
0.0000050550
0.0000053044
0.0000055473
0.0000057832
0.0000060116
0.0000062319
0.0000064438
0.0000066472
0.0000068417
0.0000070272
0.0000072039
0.0000073717
0.0000075308
0.0000076814
0.0000078238
0.0000079583
0.0000080854
0.0000082055
0.0000083190
0.0000084265
0.0000085284
0.0000086251
0.0000087172
0.0000088051
0.0000088892
0.0000089696
0.0000090467
0.0000091206
0.0000091913
0.0000092586
0.0000093223
0.0000093821
0.0000094372
0.0000094871
0.0000095306
0.0000095668
0.0000095942
0.0000096112
0.0000096162
0.0000096070
0.0000095814
0.0000095371
0.0000094714
0.0000093813
0.0000092638
0.0000091156
0.0000089333
0.0000087131
0.0000084514
0.0000081441
0.0000077873
0.0000073769
0.0000069086
0.0000063781
0.0000057814
0.0000051141
0.0000043721
0.0000035514
0.0000026480
0.0000016582
0.0000005783
-0.0000005949
-0.0000018644
-0.0000032331
-0.0000047032
-0.0000062767
-0.0000079551
-0.0000097395
-0.0000116305
-0.0000136280
-0.0000157315
-0.0000179397
-0.0000202509
-0.0000226626
-0.0000251717
-0.0000277742
-0.0000304656
-0.0000332405
-0.0000360930
-0.0000390162
-0.0000420026
-0.0000450439
-0.0000481310
-0.0000512542
-0.0000544031
-0.0000575665
-0.0000607326
-0.0000638890
-0.0000670227
-0.0000701201
-0.0000731671
-0.0000761491
-0.0000790512
-0.0000818582
-0.0000845542
-0.0000871236
-0.0000895503
-0.0000918182
-0.0000939111
-0.0000958129
-0.0000975077
-0.0000989797
-0.0001002134
-0.0001011935
-0.0001019055
-0.0001023349
-0.0001024683
-0.0001022926
-0.0001017956
-0.0001009658
-0.0000997926
-0.0000982664
-0.0000963787
-0.0000941218
-0.0000914893
-0.0000884760
-0.0000850778
-0.0000812919
-0.0000771170
-0.0000725528
-0.0000676006
-0.0000622631
-0.0000565442
-0.0000504494
-0.0000439854
-0.0000371606
-0.0000299846
-0.0000224683
-0.0000146241
-0.0000064657
0.0000019919
0.0000107324
0.0000197385
0.0000289916
0.0000384719
0.0000481587
0.0000580302
0.0000680640
0.0000782364
0.0000885232
0.0000988996
0.0001093401
0.0001198185
0.0001303083
0.0001407829
0.0001512149
0.0001615771
0.0001718422
0.0001819826
0.0001919709
0.0002017799
0.0002113825
0.0002207520
0.0002298620
0.0002386864
0.0002471997
0.0002553769
0.0002631936
0.0002706261
0.0002776512
0.0002842467
0.0002903908
0.0002960629
0.0003012428
0.0003059113
0.0003100502
0.0003136418
0.0003166696
0.0003191175
0.0003209707
0.0003222150
0.0003228369
0.0003228238
0.0003221640
0.0003208462
0.0003188600
0.0003161958
0.0003128443
0.0003087971
0.0003040462
0.0002985842
0.0002924041
0.0002854994
0.0002778641
0.0002694924
0.0002603789
0.0002505188
0.0002399071
0.0002285395
0.0002164117
0.0002035197
0.0001898598
0.0001754283
0.0001602220
0.0001442377
0.0001274724
0.0001099235
0.0000915886
0.0000724655
0.0000525523
0.0000318477
0.0000103504
-0.0000119402
-0.0000350242
-0.0000589013
-0.0000835706
-0.0001090304
-0.0001352783
-0.0001623112
-0.0001901249
-0.0002187144
-0.0002480736
-0.0002781953
-0.0003090710
-0.0003406911
-0.0003730444
-0.0004061183
-0.0004398988
-0.0004743702
-0.0005095151
-0.0005453143
-0.0005817469
-0.0006187900
-0.0006564190
-0.0006946071
-0.0007333254
-0.0007725433
-0.0008122279
-0.0008523442
-0.0008928552
-0.0009337218
-0.0009749027
-0.0010163547
-0.0010580326
-0.0010998891
-0.0011418749
-0.0011839392
-0.0012260291
-0.0012680902
-0.0013100663
-0.0013518999
-0.0013935321
-0.0014349027
-0.0014759505
-0.0015166133
-0.0015568279
-0.0015965308
-0.0016356578
-0.0016741446
-0.0017119264
-0.0017489389
-0.0017851179
-0.0018203996
-0.0018547208
-0.0018880193
-0.0019202340
-0.0019513047
-0.0019811731
-0.0020097821
-0.0020370767
-0.0020630039
-0.0020875127
-0.0021105547
-0.0021320840
-0.0021520573
-0.0021704341
-0.0021871772
-0.0022022522
-0.0022156281
-0.0022272775
-0.0022371760
-0.0022453031
-0.0022516419
-0.0022561791
-0.0022589052
1.1577401855
-0.0022589052
-0.0022561791
-0.0022516419
-0.0022453031
-0.0022371760
-0.0022272775
-0.0022156281
-0.0022022522
-0.0021871772
-0.0021704341
-0.0021520573
-0.0021320840
-0.0021105547
-0.0020875127
-0.0020630039
-0.0020370767
-0.0020097821
-0.0019811731
-0.0019513047
-0.0019202340
-0.0018880193
-0.0018547208
-0.0018203996
-0.0017851179
-0.0017489389
-0.0017119264
-0.0016741446
-0.0016356578
-0.0015965308
-0.0015568279
-0.0015166133
-0.0014759505
-0.0014349027
-0.0013935321
-0.0013518999
-0.0013100663
-0.0012680902
-0.0012260291
-0.0011839392
-0.0011418749
-0.0010998891
-0.0010580326
-0.0010163547
-0.0009749027
-0.0009337218
-0.0008928552
-0.0008523442
-0.0008122279
-0.0007725433
-0.0007333254
-0.0006946071
-0.0006564190
-0.0006187900
-0.0005817469
-0.0005453143
-0.0005095151
-0.0004743702
-0.0004398988
-0.0004061183
-0.0003730444
-0.0003406911
-0.0003090710
-0.0002781953
-0.0002480736
-0.0002187144
-0.0001901249
-0.0001623112
-0.0001352783
-0.0001090304
-0.0000835706
-0.0000589013
-0.0000350242
-0.0000119402
0.0000103504
0.0000318477
0.0000525523
0.0000724655
0.0000915886
0.0001099235
0.0001274724
0.0001442377
0.0001602220
0.0001754283
0.0001898598
0.0002035197
0.0002164117
0.0002285395
0.0002399071
0.0002505188
0.0002603789
0.0002694924
0.0002778641
0.0002854994
0.0002924041
0.0002985842
0.0003040462
0.0003087971
0.0003128443
0.0003161958
0.0003188600
0.0003208462
0.0003221640
0.0003228238
0.0003228369
0.0003222150
0.0003209707
0.0003191175
0.0003166696
0.0003136418
0.0003100502
0.0003059113
0.0003012428
0.0002960629
0.0002903908
0.0002842467
0.0002776512
0.0002706261
0.0002631936
0.0002553769
0.0002471997
0.0002386864
0.0002298620
0.0002207520
0.0002113825
0.0002017799
0.0001919709
0.0001819826
0.0001718422
0.0001615771
0.0001512149
0.0001407829
0.0001303083
0.0001198185
0.0001093401
0.0000988996
0.0000885232
0.0000782364
0.0000680640
0.0000580302
0.0000481587
0.0000384719
0.0000289916
0.0000197385
0.0000107324
0.0000019919
-0.0000064657
-0.0000146241
-0.0000224683
-0.0000299846
-0.0000371606
-0.0000439854
-0.0000504494
-0.0000565442
-0.0000622631
-0.0000676006
-0.0000725528
-0.0000771170
-0.0000812919
-0.0000850778
-0.0000884760
-0.0000914893
-0.0000941218
-0.0000963787
-0.0000982664
-0.0000997926
-0.0001009658
-0.0001017956
-0.0001022926
-0.0001024683
-0.0001023349
-0.0001019055
-0.0001011935
-0.0001002134
-0.0000989797
-0.0000975077
-0.0000958129
-0.0000939111
-0.0000918182
-0.0000895503
-0.0000871236
-0.0000845542
-0.0000818582
-0.0000790512
-0.0000761491
-0.0000731671
-0.0000701201
-0.0000670227
-0.0000638890
-0.0000607326
-0.0000575665
-0.0000544031
-0.0000512542
-0.0000481310
-0.0000450439
-0.0000420026
-0.0000390162
-0.0000360930
-0.0000332405
-0.0000304656
-0.0000277742
-0.0000251717
-0.0000226626
-0.0000202509
-0.0000179397
-0.0000157315
-0.0000136280
-0.0000116305
-0.0000097395
-0.0000079551
-0.0000062767
-0.0000047032
-0.0000032331
-0.0000018644
-0.0000005949
0.0000005783
0.0000016582
0.0000026480
0.0000035514
0.0000043721
0.0000051141
0.0000057814
0.0000063781
0.0000069086
0.0000073769
0.0000077873
0.0000081441
0.0000084514
0.0000087131
0.0000089333
0.0000091156
0.0000092638
0.0000093813
0.0000094714
0.0000095371
0.0000095814
0.0000096070
0.0000096162
0.0000096112
0.0000095942
0.0000095668
0.0000095306
0.0000094871
0.0000094372
0.0000093821
0.0000093223
0.0000092586
0.0000091913
0.0000091206
0.0000090467
0.0000089696
0.0000088892
0.0000088051
0.0000087172
0.0000086251
0.0000085284
0.0000084265
0.0000083190
0.0000082055
0.0000080854
0.0000079583
0.0000078238
0.0000076814
0.0000075308
0.0000073717
0.0000072039
0.0000070272
0.0000068417
0.0000066472
0.0000064438
0.0000062319
0.0000060116
0.0000057832
0.0000055473
0.0000053044
0.0000050550
0.0000048000
0.0000045399
0.0000042758
0.0000040083
0.0000037387
0.0000034676
0.0000031964
0.0000029259
0.0000026572
0.0000023915
0.0000021299
0.0000018733
0.0000016230
0.0000013799
0.0000011450
0.0000009194
0.0000007039
0.0000004995
0.0000003069
0.0000001269
-0.0000000399
-0.0000001928
-0.0000003314
-0.0000004552
-0.0000005639
-0.0000006573
-0.0000007353
-0.0000007977
-0.0000008446
-0.0000008761
-0.0000008925
-0.0000008942
-0.0000008813
-0.0000008546
-0.0000008144
-0.0000007615
-0.0000006966
-0.0000006204
-0.0000005337
-0.0000004374
-0.0000003325
-0.0000002198
-0.0000001004
0.0000000247
0.0000001545
0.0000002880
0.0000004241
0.0000005618
0.0000007001
0.0000008379
0.0000009742
0.0000011082
0.0000012388
0.0000013652
0.0000014865
0.0000016020
0.0000017108
0.0000018124
0.0000019060
0.0000019911
0.0000020673
0.0000021339
0.0000021907
0.0000022373
0.0000022736
0.0000022992
0.0000023141
0.0000023183
0.0000023116
0.0000022943
0.0000022663
0.0000022279
0.0000021794
0.0000021209
0.0000020529
0.0000019756
0.0000018895
0.0000017950
0.0000016927
0.0000015830
0.0000014664
0.0000013435
0.0000012150
0.0000010812
0.0000009429
0.0000008007
0.0000006552
0.0000005069
0.0000003566
0.0000002047
0.0000000520
-0.0000001010
-0.0000002538
-0.0000004057
-0.0000005562
-0.0000007048
-0.0000008509
-0.0000009941
-0.0000011339
-0.0000012698
-0.0000014013
-0.0000015282
-0.0000016500
-0.0000017663
-0.0000018768
-0.0000019812
-0.0000020792
-0.0000021706
-0.0000022551
-0.0000023325
-0.0000024027
-0.0000024654
-0.0000025206
