# FIR type: ブースト
# tap_count: 777
# low_gain: 1.05
# mid_gain: 1.0
# high_gain: 0.95
# base_boost: 1.08
# scale_boost: 0.2
# use_auto_taps: 0
# ----
-0.0000035908
-0.0000034904
-0.0000033808
-0.0000032621
-0.0000031347
-0.0000029988
-0.0000028547
-0.0000027028
-0.0000025432
-0.0000023766
-0.0000022032
-0.0000020235
-0.0000018379
-0.0000016471
-0.0000014515
-0.0000012516
-0.0000010481
-0.0000008416
-0.0000006326
-0.0000004220
-0.0000002102
0.0000000019
0.0000002136
0.0000004242
0.0000006330
0.0000008391
0.0000010419
0.0000012404
0.0000014341
0.0000016220
0.0000018034
0.0000019776
0.0000021437
0.0000023011
0.0000024491
0.0000025869
0.0000027140
0.0000028296
0.0000029333
0.0000030244
0.0000031025
0.0000031672
0.0000032181
0.0000032549
0.0000032773
0.0000032852
0.0000032784
0.0000032569
0.0000032208
0.0000031701
0.0000031052
0.0000030263
0.0000029338
0.0000028280
0.0000027097
0.0000025794
0.0000024379
0.0000022858
0.0000021242
0.0000019539
0.0000017760
0.0000015916
0.0000014019
0.0000012080
0.0000010112
0.0000008128
0.0000006142
0.0000004169
0.0000002221
0.0000000314
-0.0000001539
-0.0000003322
-0.0000005021
-0.0000006622
-0.0000008110
-0.0000009473
-0.0000010696
-0.0000011767
-0.0000012673
-0.0000013402
-0.0000013944
-0.0000014288
-0.0000014424
-0.0000014344
-0.0000014041
-0.0000013508
-0.0000012738
-0.0000011729
-0.0000010476
-0.0000008976
-0.0000007230
-0.0000005237
-0.0000002997
-0.0000000514
0.0000002210
0.0000005169
0.0000008359
0.0000011772
0.0000015402
0.0000019240
0.0000023276
0.0000027501
0.0000031904
0.0000036473
0.0000041196
0.0000046061
0.0000051055
0.0000056165
0.0000061377
0.0000066678
0.0000072053
0.0000077489
0.0000082972
0.0000088489
0.0000094026
0.0000099570
0.0000105108
0.0000110627
0.0000116116
0.0000121562
0.0000126953
0.0000132280
0.0000137530
0.0000142695
0.0000147763
0.0000152725
0.0000157573
0.0000162296
0.0000166885
0.0000171332
0.0000175628
0.0000179764
0.0000183730
0.0000187517
0.0000191114
0.0000194511
0.0000197696
0.0000200658
0.0000203384
0.0000205858
0.0000208067
0.0000209992
0.0000211617
0.0000212922
0.0000213886
0.0000214485
0.0000214696
0.0000214491
0.0000213843
0.0000212721
0.0000211094
0.0000208927
0.0000206185
0.0000202829
0.0000198821
0.0000194119
0.0000188681
0.0000182463
0.0000175419
0.0000167504
0.0000158671
0.0000148871
0.0000138058
0.0000126183
0.0000113200
0.0000099061
0.0000083721
0.0000067136
0.0000049262
0.0000030061
0.0000009495
-0.0000012471
-0.0000035867
-0.0000060721
-0.0000087054
-0.0000114884
-0.0000144223
-0.0000175077
-0.0000207446
-0.0000241323
-0.0000276695
-0.0000313538
-0.0000351825
-0.0000391518
-0.0000432571
-0.0000474927
-0.0000518525
-0.0000563289
-0.0000609137
-0.0000655977
-0.0000703706
-0.0000752212
-0.0000801373
-0.0000851058
-0.0000901127
-0.0000951427
-0.0001001801
-0.0001052078
-0.0001102083
-0.0001151630
-0.0001200526
-0.0001248571
-0.0001295559
-0.0001341275
-0.0001385503
-0.0001428019
-0.0001468596
-0.0001507005
-0.0001543013
-0.0001576388
-0.0001606894
-0.0001634298
-0.0001658369
-0.0001678877
-0.0001695596
-0.0001708303
-0.0001716784
-0.0001720828
-0.0001720233
-0.0001714806
-0.0001704364
-0.0001688732
-0.0001667750
-0.0001641268
-0.0001609151
-0.0001571277
-0.0001527540
-0.0001477850
-0.0001422133
-0.0001360333
-0.0001292411
-0.0001218346
-0.0001138140
-0.0001051808
-0.0000959390
-0.0000860944
-0.0000756547
-0.0000646298
-0.0000530316
-0.0000408741
-0.0000281731
-0.0000149466
-0.0000012145
0.0000130014
0.0000276773
0.0000427875
0.0000583048
0.0000742000
0.0000904422
0.0001069992
0.0001238369
0.0001409202
0.0001582123
0.0001756753
0.0001932701
0.0002109567
0.0002286941
0.0002464402
0.0002641525
0.0002817878
0.0002993023
0.0003166517
0.0003337917
0.0003506775
0.0003672642
0.0003835073
0.0003993619
0.0004147837
0.0004297284
0.0004441523
0.0004580120
0.0004712648
0.0004838687
0.0004957820
0.0005069643
0.0005173757
0.0005269771
0.0005357307
0.0005435993
0.0005505471
0.0005565389
0.0005615410
0.0005655206
0.0005684460
0.0005702868
0.0005710137
0.0005705984
0.0005690140
0.0005662346
0.0005622356
0.0005569934
0.0005504857
0.0005426912
0.0005335899
0.0005231628
0.0005113921
0.0004982610
0.0004837538
0.0004678561
0.0004505543
0.0004318360
0.0004116899
0.0003901058
0.0003670745
0.0003425879
0.0003166391
0.0002892222
0.0002603325
0.0002299666
0.0001981220
0.0001647976
0.0001299937
0.0000937117
0.0000559545
0.0000167263
-0.0000239672
-0.0000661186
-0.0001097191
-0.0001547582
-0.0002012235
-0.0002491011
-0.0002983750
-0.0003490272
-0.0004010378
-0.0004543848
-0.0005090438
-0.0005649884
-0.0006221898
-0.0006806166
-0.0007402351
-0.0008010091
-0.0008628996
-0.0009258652
-0.0009898615
-0.0010548417
-0.0011207559
-0.0011875515
-0.0012551732
-0.0013235627
-0.0013926591
-0.0014623983
-0.0015327137
-0.0016035359
-0.0016747928
-0.0017464096
-0.0018183087
-0.0018904105
-0.0019626324
-0.0020348900
-0.0021070965
-0.0021791629
-0.0022509986
-0.0023225111
-0.0023936062
-0.0024641884
-0.0025341612
-0.0026034267
-0.0026718865
-0.0027394415
-0.0028059922
-0.0028714391
-0.0029356828
-0.0029986241
-0.0030601647
-0.0031202070
-0.0031786546
-0.0032354124
-0.0032903871
-0.0033434873
-0.0033946237
-0.0034437095
-0.0034906606
-0.0035353959
-0.0035778374
-0.0036179104
-0.0036555441
-0.0036906715
-0.0037232296
-0.0037531596
-0.0037804073
-0.0038049231
-0.0038266622
-0.0038455847
-0.0038616556
-0.0038748454
-0.0038851296
-0.0038924892
-0.0038969104
1.2761016150
-0.0038969104
-0.0038924892
-0.0038851296
-0.0038748454
-0.0038616556
-0.0038455847
-0.0038266622
-0.0038049231
-0.0037804073
-0.0037531596
-0.0037232296
-0.0036906715
-0.0036555441
-0.0036179104
-0.0035778374
-0.0035353959
-0.0034906606
-0.0034437095
-0.0033946237
-0.0033434873
-0.0032903871
-0.0032354124
-0.0031786546
-0.0031202070
-0.0030601647
-0.0029986241
-0.0029356828
-0.0028714391
-0.0028059922
-0.0027394415
-0.0026718865
-0.0026034267
-0.0025341612
-0.0024641884
-0.0023936062
-0.0023225111
-0.0022509986
-0.0021791629
-0.0021070965
-0.0020348900
-0.0019626324
-0.0018904105
-0.0018183087
-0.0017464096
-0.0016747928
-0.0016035359
-0.0015327137
-0.0014623983
-0.0013926591
-0.0013235627
-0.0012551732
-0.0011875515
-0.0011207559
-0.0010548417
-0.0009898615
-0.0009258652
-0.0008628996
-0.0008010091
-0.0007402351
-0.0006806166
-0.0006221898
-0.0005649884
-0.0005090438
-0.0004543848
-0.0004010378
-0.0003490272
-0.0002983750
-0.0002491011
-0.0002012235
-0.0001547582
-0.0001097191
-0.0000661186
-0.0000239672
0.0000167263
0.0000559545
0.0000937117
0.0001299937
0.0001647976
0.0001981220
0.0002299666
0.0002603325
0.0002892222
0.0003166391
0.0003425879
0.0003670745
0.0003901058
0.0004116899
0.0004318360
0.0004505543
0.0004678561
0.0004837538
0.0004982610
0.0005113921
0.0005231628
0.0005335899
0.0005426912
0.0005504857
0.0005569934
0.0005622356
0.0005662346
0.0005690140
0.0005705984
0.0005710137
0.0005702868
0.0005684460
0.0005655206
0.0005615410
0.0005565389
0.0005505471
0.0005435993
0.0005357307
0.0005269771
0.0005173757
0.0005069643
0.0004957820
0.0004838687
0.0004712648
0.0004580120
0.0004441523
0.0004297284
0.0004147837
0.0003993619
0.0003835073
0.0003672642
0.0003506775
0.0003337917
0.0003166517
0.0002993023
0.0002817878
0.0002641525
0.0002464402
0.0002286941
0.0002109567
0.0001932701
0.0001756753
0.0001582123
0.0001409202
0.0001238369
0.0001069992
0.0000904422
0.0000742000
0.0000583048
0.0000427875
0.0000276773
0.0000130014
-0.0000012145
-0.0000149466
-0.0000281731
-0.0000408741
-0.0000530316
-0.0000646298
-0.0000756547
-0.0000860944
-0.0000959390
-0.0001051808
-0.0001138140
-0.0001218346
-0.0001292411
-0.0001360333
-0.0001422133
-0.0001477850
-0.0001527540
-0.0001571277
-0.0001609151
-0.0001641268
-0.0001667750
-0.0001688732
-0.0001704364
-0.0001714806
-0.0001720233
-0.0001720828
-0.0001716784
-0.0001708303
-0.0001695596
-0.0001678877
-0.0001658369
-0.0001634298
-0.0001606894
-0.0001576388
-0.0001543013
-0.0001507005
-0.0001468596
-0.0001428019
-0.0001385503
-0.0001341275
-0.0001295559
-0.0001248571
-0.0001200526
-0.0001151630
-0.0001102083
-0.0001052078
-0.0001001801
-0.0000951427
-0.0000901127
-0.0000851058
-0.0000801373
-0.0000752212
-0.0000703706
-0.0000655977
-0.0000609137
-0.0000563289
-0.0000518525
-0.0000474927
-0.0000432571
-0.0000391518
-0.0000351825
-0.0000313538
-0.0000276695
-0.0000241323
-0.0000207446
-0.0000175077
-0.0000144223
-0.0000114884
-0.0000087054
-0.0000060721
-0.0000035867
-0.0000012471
0.0000009495
0.0000030061
0.0000049262
0.0000067136
0.0000083721
0.0000099061
0.0000113200
0.0000126183
0.0000138058
0.0000148871
0.0000158671
0.0000167504
0.0000175419
0.0000182463
0.0000188681
0.0000194119
0.0000198821
0.0000202829
0.0000206185
0.0000208927
0.0000211094
0.0000212721
0.0000213843
0.0000214491
0.0000214696
0.0000214485
0.0000213886
0.0000212922
0.0000211617
0.0000209992
0.0000208067
0.0000205858
0.0000203384
0.0000200658
0.0000197696
0.0000194511
0.0000191114
0.0000187517
0.0000183730
0.0000179764
0.0000175628
0.0000171332
0.0000166885
0.0000162296
0.0000157573
0.0000152725
0.0000147763
0.0000142695
0.0000137530
0.0000132280
0.0000126953
0.0000121562
0.0000116116
0.0000110627
0.0000105108
0.0000099570
0.0000094026
0.0000088489
0.0000082972
0.0000077489
0.0000072053
0.0000066678
0.0000061377
0.0000056165
0.0000051055
0.0000046061
0.0000041196
0.0000036473
0.0000031904
0.0000027501
0.0000023276
0.0000019240
0.0000015402
0.0000011772
0.0000008359
0.0000005169
0.0000002210
-0.0000000514
-0.0000002997
-0.0000005237
-0.0000007230
-0.0000008976
-0.0000010476
-0.0000011729
-0.0000012738
-0.0000013508
-0.0000014041
-0.0000014344
-0.0000014424
-0.0000014288
-0.0000013944
-0.0000013402
-0.0000012673
-0.0000011767
-0.0000010696
-0.0000009473
-0.0000008110
-0.0000006622
-0.0000005021
-0.0000003322
-0.0000001539
0.0000000314
0.0000002221
0.0000004169
0.0000006142
0.0000008128
0.0000010112
0.0000012080
0.0000014019
0.0000015916
0.0000017760
0.0000019539
0.0000021242
0.0000022858
0.0000024379
0.0000025794
0.0000027097
0.0000028280
0.0000029338
0.0000030263
0.0000031052
0.0000031701
0.0000032208
0.0000032569
0.0000032784
0.0000032852
0.0000032773
0.0000032549
0.0000032181
0.0000031672
0.0000031025
0.0000030244
0.0000029333
0.0000028296
0.0000027140
0.0000025869
0.0000024491
0.0000023011
0.0000021437
0.0000019776
0.0000018034
0.0000016220
0.0000014341
0.0000012404
0.0000010419
0.0000008391
0.0000006330
0.0000004242
0.0000002136
0.0000000019
-0.0000002102
-0.0000004220
-0.0000006326
-0.0000008416
-0.0000010481
-0.0000012516
-0.0000014515
-0.0000016471
-0.0000018379
-0.0000020235
-0.0000022032
-0.0000023766
-0.0000025432
-0.0000027028
-0.0000028547
-0.0000029988
-0.0000031347
-0.0000032621
-0.0000033808
-0.0000034904
-0.0000035908
