0.0000206343
0.0000207891
0.0000212674
0.0000220980
0.0000233026
0.0000248897
0.0000268499
0.0000291528
0.0000317498
0.0000345829
0.0000376003
0.0000407746
0.0000441200
0.0000477009
0.0000516261
0.0000560280
0.0000610262
0.0000666866
0.0000729860
0.0000797975
0.0000869044
0.0000940477
0.0001009979
0.0001076350
0.0001140114
0.0001203738
0.0001271277
0.0001347421
0.0001436108
0.0001539052
0.0001654623
0.0001777511
0.0001899473
0.0002011165
0.0002104765
0.0002176761
0.0002230117
0.0002275027
0.0002327728
0.0002407267
0.0002530722
0.0002707891
0.0002936854
0.0003201849
0.0003474629
0.0003719725
0.0003903168
0.0004003209
0.0004020800
0.0003987234
0.0003966521
0.0004050886
0.0004349040
0.0004968437
0.0005994201
0.0007468464
0.0009374262
0.0011627658
0.0014080544
0.0016534669
0.0018765348
0.0020551385
0.0021706345
0.9072105881
0.0021706345
0.0020551385
0.0018765348
0.0016534669
0.0014080544
0.0011627658
0.0009374262
0.0007468464
0.0005994201
0.0004968437
0.0004349040
0.0004050886
0.0003966521
0.0003987234
0.0004020800
0.0004003209
0.0003903168
0.0003719725
0.0003474629
0.0003201849
0.0002936854
0.0002707891
0.0002530722
0.0002407267
0.0002327728
0.0002275027
0.0002230117
0.0002176761
0.0002104765
0.0002011165
0.0001899473
0.0001777511
0.0001654623
0.0001539052
0.0001436108
0.0001347421
0.0001271277
0.0001203738
0.0001140114
0.0001076350
0.0001009979
0.0000940477
0.0000869044
0.0000797975
0.0000729860
0.0000666866
0.0000610262
0.0000560280
0.0000516261
0.0000477009
0.0000441200
0.0000407746
0.0000376003
0.0000345829
0.0000317498
0.0000291528
0.0000268499
0.0000248897
0.0000233026
0.0000220980
0.0000212674
0.0000207891
0.0000206343
