# FIR type: ノイズ
# tap_count: 1023
# low_gain: 1.2
# mid_gain: 1.0
# high_gain: 0.9
# base_boost: 1.05
# scale_boost: 0.15
# use_auto_taps: 0
# ----
0.0000028412
0.0000027231
0.0000026174
0.0000024964
0.0000023889
0.0000022672
0.0000021602
0.0000020399
0.0000019356
0.0000018187
0.0000017187
0.0000016066
0.0000015120
0.0000014058
0.0000013178
0.0000012187
0.0000011388
0.0000010483
0.0000009781
0.0000008978
0.0000008386
0.0000007696
0.0000007223
0.0000006652
0.0000006301
0.0000005850
0.0000005623
0.0000005296
0.0000005198
0.0000004999
0.0000005035
0.0000004969
0.0000005142
0.0000005209
0.0000005514
0.0000005704
0.0000006130
0.0000006429
0.0000006962
0.0000007359
0.0000007987
0.0000008473
0.0000009190
0.0000009756
0.0000010553
0.0000011187
0.0000012048
0.0000012732
0.0000013636
0.0000014348
0.0000015275
0.0000015997
0.0000016934
0.0000017655
0.0000018592
0.0000019304
0.0000020231
0.0000020920
0.0000021822
0.0000022469
0.0000023324
0.0000023908
0.0000024697
0.0000025203
0.0000025916
0.0000026337
0.0000026972
0.0000027309
0.0000027866
0.0000028116
0.0000028590
0.0000028748
0.0000029133
0.0000029191
0.0000029484
0.0000029444
0.0000029654
0.0000029530
0.0000029673
0.0000029485
0.0000029580
0.0000029342
0.0000029399
0.0000029116
0.0000029138
0.0000028811
0.0000028801
0.0000028439
0.0000028411
0.0000028032
0.0000028010
0.0000027638
0.0000027643
0.0000027294
0.0000027337
0.0000027016
0.0000027098
0.0000026805
0.0000026927
0.0000026667
0.0000026841
0.0000026632
0.0000026877
0.0000026735
0.0000027066
0.0000026999
0.0000027413
0.0000027410
0.0000027889
0.0000027927
0.0000028452
0.0000028516
0.0000029079
0.0000029169
0.0000029773
0.0000029891
0.0000030537
0.0000030677
0.0000031351
0.0000031492
0.0000032167
0.0000032282
0.0000032937
0.0000033011
0.0000033641
0.0000033679
0.0000034297
0.0000034313
0.0000034928
0.0000034922
0.0000035527
0.0000035483
0.0000036053
0.0000035945
0.0000036463
0.0000036282
0.0000036750
0.0000036512
0.0000036956
0.0000036690
0.0000037137
0.0000036863
0.0000037325
0.0000037044
0.0000037518
0.0000037227
0.0000037717
0.0000037434
0.0000037971
0.0000037739
0.0000038376
0.0000038247
0.0000039031
0.0000039038
0.0000039984
0.0000040125
0.0000041220
0.0000041476
0.0000042704
0.0000043068
0.0000044435
0.0000044924
0.0000046455
0.0000047091
0.0000048799
0.0000049579
0.0000051439
0.0000052318
0.0000054274
0.0000055188
0.0000057177
0.0000058076
0.0000060064
0.0000060922
0.0000062891
0.0000063687
0.0000065602
0.0000066278
0.0000068054
0.0000068501
0.0000070013
0.0000070096
0.0000071216
0.0000070823
0.0000071461
0.0000070523
0.0000070626
0.0000069095
0.0000068610
0.0000066419
0.0000065264
0.0000062312
0.0000060381
0.0000056570
0.0000053784
0.0000049065
0.0000045412
0.0000039806
0.0000035335
0.0000028905
0.0000023677
0.0000016469
0.0000010516
0.0000002545
-0.0000004124
-0.0000012841
-0.0000020183
-0.0000029564
-0.0000037450
-0.0000047324
-0.0000055546
-0.0000065686
-0.0000074013
-0.0000084198
-0.0000092425
-0.0000102467
-0.0000110408
-0.0000120113
-0.0000127546
-0.0000136651
-0.0000143270
-0.0000151429
-0.0000156858
-0.0000163694
-0.0000167572
-0.0000172759
-0.0000174803
-0.0000178105
-0.0000178113
-0.0000179343
-0.0000177122
-0.0000176070
-0.0000171382
-0.0000167787
-0.0000160360
-0.0000153967
-0.0000143583
-0.0000134236
-0.0000120807
-0.0000108484
-0.0000092044
-0.0000076817
-0.0000057445
-0.0000039389
-0.0000017147
0.0000003682
0.0000028731
0.0000052228
0.0000079914
0.0000105820
0.0000135783
0.0000163641
0.0000195350
0.0000224575
0.0000257427
0.0000287424
0.0000320851
0.0000351070
0.0000384530
0.0000414410
0.0000447298
0.0000476163
0.0000507729
0.0000534759
0.0000564139
0.0000588459
0.0000614811
0.0000635633
0.0000658244
0.0000674926
0.0000693209
0.0000705181
0.0000718558
0.0000725198
0.0000732998
0.0000733594
0.0000735095
0.0000728952
0.0000723539
0.0000710155
0.0000697465
0.0000676610
0.0000656533
0.0000628175
0.0000600727
0.0000564890
0.0000530095
0.0000486808
0.0000444737
0.0000394148
0.0000345080
0.0000287630
0.0000232192
0.0000168678
0.0000107810
0.0000039255
-0.0000025982
-0.0000098531
-0.0000167123
-0.0000242688
-0.0000313652
-0.0000391208
-0.0000463414
-0.0000541694
-0.0000613711
-0.0000691137
-0.0000761271
-0.0000836105
-0.0000902626
-0.0000973213
-0.0001034563
-0.0001099448
-0.0001154234
-0.0001212049
-0.0001258863
-0.0001308127
-0.0001345390
-0.0001384460
-0.0001410509
-0.0001437792
-0.0001451171
-0.0001465433
-0.0001465155
-0.0001465664
-0.0001451201
-0.0001437584
-0.0001408628
-0.0001380596
-0.0001336832
-0.0001294071
-0.0001235221
-0.0001177583
-0.0001103699
-0.0001031516
-0.0000943226
-0.0000857434
-0.0000755907
-0.0000657839
-0.0000544465
-0.0000435511
-0.0000311625
-0.0000193098
-0.0000060027
0.0000066615
0.0000207206
0.0000339994
0.0000485815
0.0000622137
0.0000770355
0.0000907244
0.0001054907
0.0001189509
0.0001333946
0.0001463751
0.0001602589
0.0001725238
0.0001856060
0.0001968964
0.0002089005
0.0002189225
0.0002295490
0.0002380078
0.0002469846
0.0002536388
0.0002607651
0.0002654500
0.0002705929
0.0002731906
0.0002762371
0.0002766243
0.0002774390
0.0002754666
0.0002739018
0.0002694347
0.0002653899
0.0002583722
0.0002518496
0.0002423356
0.0002334376
0.0002215575
0.0002104300
0.0001963257
0.0001831048
0.0001669021
0.0001517207
0.0001335702
0.0001166223
0.0000967695
0.0000783657
0.0000571754
0.0000377269
0.0000156262
-0.0000044401
-0.0000270540
-0.0000473746
-0.0000701801
-0.0000904540
-0.0001131594
-0.0001330702
-0.0001553247
-0.0001744662
-0.0001958218
-0.0002137093
-0.0002336821
-0.0002498497
-0.0002680287
-0.0002821213
-0.0002982205
-0.0003099914
-0.0003237917
-0.0003330049
-0.0003442446
-0.0003505843
-0.0003589159
-0.0003620079
-0.0003670838
-0.0003666272
-0.0003682465
-0.0003641388
-0.0003623185
-0.0003546524
-0.0003495481
-0.0003384750
-0.0003302224
-0.0003158140
-0.0003044486
-0.0002866969
-0.0002722374
-0.0002512015
-0.0002338207
-0.0002097736
-0.0001898786
-0.0001632935
-0.0001414155
-0.0001127824
-0.0000893661
-0.0000590092
-0.0000343105
-0.0000023976
0.0000233907
0.0000566328
0.0000831289
0.0001171938
0.0001436978
0.0001778036
0.0002034432
0.0002367918
0.0002608324
0.0002928940
0.0003149216
0.0003454669
0.0003652547
0.0003940897
0.0004112696
0.0004379375
0.0004518197
0.0004756047
0.0004853790
0.0005056715
0.0005108475
0.0005275511
0.0005282139
0.0005417716
0.0005383448
0.0005492866
0.0005419587
0.0005503566
0.0005387015
0.0005440807
0.0005272932
0.0005291675
0.0005067633
0.0005053438
0.0004776648
0.0004740324
0.0004419826
0.0004374527
0.0004015950
0.0003968149
0.0003566694
0.0003514019
0.0003057636
0.0002998113
0.0002480094
0.0002426424
0.0001856235
0.0001841675
0.0001241304
0.0001308845
0.0000692977
0.0000874668
0.0000228680
0.0000534902
-0.0000189361
0.0000246853
-0.0000616293
-0.0000006345
-0.0001052038
-0.0000137708
-0.0001390673
0.0000079787
-0.0001447036
0.0000994322
-0.0001065895
0.0003115607
-0.0000252680
0.0007741284
0.0000766917
0.0022041473
0.0001617140
0.0189105268
0.8743944116
0.0189105268
0.0001617140
0.0022041473
0.0000766917
0.0007741284
-0.0000252680
0.0003115607
-0.0001065895
0.0000994322
-0.0001447036
0.0000079787
-0.0001390673
-0.0000137708
-0.0001052038
-0.0000006345
-0.0000616293
0.0000246853
-0.0000189361
0.0000534902
0.0000228680
0.0000874668
0.0000692977
0.0001308845
0.0001241304
0.0001841675
0.0001856235
0.0002426424
0.0002480094
0.0002998113
0.0003057636
0.0003514019
0.0003566694
0.0003968149
0.0004015950
0.0004374527
0.0004419826
0.0004740324
0.0004776648
0.0005053438
0.0005067633
0.0005291675
0.0005272932
0.0005440807
0.0005387015
0.0005503566
0.0005419587
0.0005492866
0.0005383448
0.0005417716
0.0005282139
0.0005275511
0.0005108475
0.0005056715
0.0004853790
0.0004756047
0.0004518197
0.0004379375
0.0004112696
0.0003940897
0.0003652547
0.0003454669
0.0003149216
0.0002928940
0.0002608324
0.0002367918
0.0002034432
0.0001778036
0.0001436978
0.0001171938
0.0000831289
0.0000566328
0.0000233907
-0.0000023976
-0.0000343105
-0.0000590092
-0.0000893661
-0.0001127824
-0.0001414155
-0.0001632935
-0.0001898786
-0.0002097736
-0.0002338207
-0.0002512015
-0.0002722374
-0.0002866969
-0.0003044486
-0.0003158140
-0.0003302224
-0.0003384750
-0.0003495481
-0.0003546524
-0.0003623185
-0.0003641388
-0.0003682465
-0.0003666272
-0.0003670838
-0.0003620079
-0.0003589159
-0.0003505843
-0.0003442446
-0.0003330049
-0.0003237917
-0.0003099914
-0.0002982205
-0.0002821213
-0.0002680287
-0.0002498497
-0.0002336821
-0.0002137093
-0.0001958218
-0.0001744662
-0.0001553247
-0.0001330702
-0.0001131594
-0.0000904540
-0.0000701801
-0.0000473746
-0.0000270540
-0.0000044401
0.0000156262
0.0000377269
0.0000571754
0.0000783657
0.0000967695
0.0001166223
0.0001335702
0.0001517207
0.0001669021
0.0001831048
0.0001963257
0.0002104300
0.0002215575
0.0002334376
0.0002423356
0.0002518496
0.0002583722
0.0002653899
0.0002694347
0.0002739018
0.0002754666
0.0002774390
0.0002766243
0.0002762371
0.0002731906
0.0002705929
0.0002654500
0.0002607651
0.0002536388
0.0002469846
0.0002380078
0.0002295490
0.0002189225
0.0002089005
0.0001968964
0.0001856060
0.0001725238
0.0001602589
0.0001463751
0.0001333946
0.0001189509
0.0001054907
0.0000907244
0.0000770355
0.0000622137
0.0000485815
0.0000339994
0.0000207206
0.0000066615
-0.0000060027
-0.0000193098
-0.0000311625
-0.0000435511
-0.0000544465
-0.0000657839
-0.0000755907
-0.0000857434
-0.0000943226
-0.0001031516
-0.0001103699
-0.0001177583
-0.0001235221
-0.0001294071
-0.0001336832
-0.0001380596
-0.0001408628
-0.0001437584
-0.0001451201
-0.0001465664
-0.0001465155
-0.0001465433
-0.0001451171
-0.0001437792
-0.0001410509
-0.0001384460
-0.0001345390
-0.0001308127
-0.0001258863
-0.0001212049
-0.0001154234
-0.0001099448
-0.0001034563
-0.0000973213
-0.0000902626
-0.0000836105
-0.0000761271
-0.0000691137
-0.0000613711
-0.0000541694
-0.0000463414
-0.0000391208
-0.0000313652
-0.0000242688
-0.0000167123
-0.0000098531
-0.0000025982
0.0000039255
0.0000107810
0.0000168678
0.0000232192
0.0000287630
0.0000345080
0.0000394148
0.0000444737
0.0000486808
0.0000530095
0.0000564890
0.0000600727
0.0000628175
0.0000656533
0.0000676610
0.0000697465
0.0000710155
0.0000723539
0.0000728952
0.0000735095
0.0000733594
0.0000732998
0.0000725198
0.0000718558
0.0000705181
0.0000693209
0.0000674926
0.0000658244
0.0000635633
0.0000614811
0.0000588459
0.0000564139
0.0000534759
0.0000507729
0.0000476163
0.0000447298
0.0000414410
0.0000384530
0.0000351070
0.0000320851
0.0000287424
0.0000257427
0.0000224575
0.0000195350
0.0000163641
0.0000135783
0.0000105820
0.0000079914
0.0000052228
0.0000028731
0.0000003682
-0.0000017147
-0.0000039389
-0.0000057445
-0.0000076817
-0.0000092044
-0.0000108484
-0.0000120807
-0.0000134236
-0.0000143583
-0.0000153967
-0.0000160360
-0.0000167787
-0.0000171382
-0.0000176070
-0.0000177122
-0.0000179343
-0.0000178113
-0.0000178105
-0.0000174803
-0.0000172759
-0.0000167572
-0.0000163694
-0.0000156858
-0.0000151429
-0.0000143270
-0.0000136651
-0.0000127546
-0.0000120113
-0.0000110408
-0.0000102467
-0.0000092425
-0.0000084198
-0.0000074013
-0.0000065686
-0.0000055546
-0.0000047324
-0.0000037450
-0.0000029564
-0.0000020183
-0.0000012841
-0.0000004124
0.0000002545
0.0000010516
0.0000016469
0.0000023677
0.0000028905
0.0000035335
0.0000039806
0.0000045412
0.0000049065
0.0000053784
0.0000056570
0.0000060381
0.0000062312
0.0000065264
0.0000066419
0.0000068610
0.0000069095
0.0000070626
0.0000070523
0.0000071461
0.0000070823
0.0000071216
0.0000070096
0.0000070013
0.0000068501
0.0000068054
0.0000066278
0.0000065602
0.0000063687
0.0000062891
0.0000060922
0.0000060064
0.0000058076
0.0000057177
0.0000055188
0.0000054274
0.0000052318
0.0000051439
0.0000049579
0.0000048799
0.0000047091
0.0000046455
0.0000044924
0.0000044435
0.0000043068
0.0000042704
0.0000041476
0.0000041220
0.0000040125
0.0000039984
0.0000039038
0.0000039031
0.0000038247
0.0000038376
0.0000037739
0.0000037971
0.0000037434
0.0000037717
0.0000037227
0.0000037518
0.0000037044
0.0000037325
0.0000036863
0.0000037137
0.0000036690
0.0000036956
0.0000036512
0.0000036750
0.0000036282
0.0000036463
0.0000035945
0.0000036053
0.0000035483
0.0000035527
0.0000034922
0.0000034928
0.0000034313
0.0000034297
0.0000033679
0.0000033641
0.0000033011
0.0000032937
0.0000032282
0.0000032167
0.0000031492
0.0000031351
0.0000030677
0.0000030537
0.0000029891
0.0000029773
0.0000029169
0.0000029079
0.0000028516
0.0000028452
0.0000027927
0.0000027889
0.0000027410
0.0000027413
0.0000026999
0.0000027066
0.0000026735
0.0000026877
0.0000026632
0.0000026841
0.0000026667
0.0000026927
0.0000026805
0.0000027098
0.0000027016
0.0000027337
0.0000027294
0.0000027643
0.0000027638
0.0000028010
0.0000028032
0.0000028411
0.0000028439
0.0000028801
0.0000028811
0.0000029138
0.0000029116
0.0000029399
0.0000029342
0.0000029580
0.0000029485
0.0000029673
0.0000029530
0.0000029654
0.0000029444
0.0000029484
0.0000029191
0.0000029133
0.0000028748
0.0000028590
0.0000028116
0.0000027866
0.0000027309
0.0000026972
0.0000026337
0.0000025916
0.0000025203
0.0000024697
0.0000023908
0.0000023324
0.0000022469
0.0000021822
0.0000020920
0.0000020231
0.0000019304
0.0000018592
0.0000017655
0.0000016934
0.0000015997
0.0000015275
0.0000014348
0.0000013636
0.0000012732
0.0000012048
0.0000011187
0.0000010553
0.0000009756
0.0000009190
0.0000008473
0.0000007987
0.0000007359
0.0000006962
0.0000006429
0.0000006130
0.0000005704
0.0000005514
0.0000005209
0.0000005142
0.0000004969
0.0000005035
0.0000004999
0.0000005198
0.0000005296
0.0000005623
0.0000005850
0.0000006301
0.0000006652
0.0000007223
0.0000007696
0.0000008386
0.0000008978
0.0000009781
0.0000010483
0.0000011388
0.0000012187
0.0000013178
0.0000014058
0.0000015120
0.0000016066
0.0000017187
0.0000018187
0.0000019356
0.0000020399
0.0000021602
0.0000022672
0.0000023889
0.0000024964
0.0000026174
0.0000027231
0.0000028412
