# FIR type: ノイズ
# tap_count: 1023
# low_gain: 1.0429102980354643
# mid_gain: 1.1852051630948557
# high_gain: 0.9037477750831152
# base_boost: 1.05
# scale_boost: 0.1
# use_auto_taps: False
# ----
0.0000024619
0.0000023560
0.0000022620
0.0000021533
0.0000020576
0.0000019482
0.0000018531
0.0000017455
0.0000016531
0.0000015490
0.0000014611
0.0000013618
0.0000012793
0.0000011859
0.0000011100
0.0000010236
0.0000009558
0.0000008780
0.0000008197
0.0000007522
0.0000007050
0.0000006488
0.0000006136
0.0000005693
0.0000005463
0.0000005140
0.0000005033
0.0000004833
0.0000004854
0.0000004783
0.0000004940
0.0000005003
0.0000005299
0.0000005498
0.0000005928
0.0000006252
0.0000006804
0.0000007241
0.0000007902
0.0000008439
0.0000009200
0.0000009829
0.0000010684
0.0000011400
0.0000012341
0.0000013132
0.0000014144
0.0000014992
0.0000016056
0.0000016939
0.0000018034
0.0000018937
0.0000020049
0.0000020961
0.0000022085
0.0000022999
0.0000024125
0.0000025031
0.0000026145
0.0000027022
0.0000028104
0.0000028931
0.0000029960
0.0000030723
0.0000031690
0.0000032384
0.0000033289
0.0000033916
0.0000034760
0.0000035319
0.0000036099
0.0000036582
0.0000037290
0.0000037692
0.0000038324
0.0000038645
0.0000039210
0.0000039464
0.0000039982
0.0000040191
0.0000040680
0.0000040858
0.0000041328
0.0000041481
0.0000041933
0.0000042059
0.0000042496
0.0000042603
0.0000043038
0.0000043146
0.0000043604
0.0000043737
0.0000044240
0.0000044416
0.0000044974
0.0000045196
0.0000045810
0.0000046075
0.0000046743
0.0000047056
0.0000047792
0.0000048170
0.0000048994
0.0000049458
0.0000050385
0.0000050943
0.0000051971
0.0000052609
0.0000053718
0.0000054413
0.0000055582
0.0000056318
0.0000057540
0.0000058318
0.0000059597
0.0000060422
0.0000061763
0.0000062631
0.0000064018
0.0000064905
0.0000066311
0.0000067189
0.0000068589
0.0000069441
0.0000070832
0.0000071665
0.0000073062
0.0000073893
0.0000075307
0.0000076138
0.0000077561
0.0000078372
0.0000079776
0.0000080539
0.0000081903
0.0000082606
0.0000083933
0.0000084593
0.0000085912
0.0000086560
0.0000087899
0.0000088556
0.0000089924
0.0000090587
0.0000091976
0.0000092638
0.0000094048
0.0000094722
0.0000096183
0.0000096914
0.0000098482
0.0000099324
0.0000101045
0.0000102031
0.0000103920
0.0000105043
0.0000107080
0.0000108316
0.0000110481
0.0000111819
0.0000114116
0.0000115575
0.0000118033
0.0000119640
0.0000122274
0.0000124026
0.0000126812
0.0000128660
0.0000131534
0.0000133409
0.0000136307
0.0000138157
0.0000141043
0.0000142848
0.0000145712
0.0000147456
0.0000150269
0.0000151897
0.0000154574
0.0000155975
0.0000158385
0.0000159420
0.0000161434
0.0000161991
0.0000163521
0.0000163535
0.0000164536
0.0000163969
0.0000164396
0.0000163185
0.0000162954
0.0000160995
0.0000159996
0.0000157183
0.0000155331
0.0000151614
0.0000148898
0.0000144303
0.0000140780
0.0000135375
0.0000131110
0.0000124944
0.0000119965
0.0000113043
0.0000107347
0.0000099674
0.0000093295
0.0000084945
0.0000078006
0.0000069151
0.0000061862
0.0000052731
0.0000045324
0.0000036132
0.0000028801
0.0000019722
0.0000012634
0.0000003843
-0.0000002798
-0.0000011054
-0.0000016949
-0.0000024326
-0.0000029102
-0.0000035224
-0.0000038520
-0.0000043067
-0.0000044616
-0.0000047371
-0.0000046989
-0.0000047787
-0.0000045302
-0.0000043946
-0.0000039126
-0.0000035354
-0.0000027922
-0.0000021474
-0.0000011208
-0.0000001926
0.0000011257
0.0000023381
0.0000039433
0.0000054315
0.0000073145
0.0000090706
0.0000112260
0.0000132461
0.0000156695
0.0000179454
0.0000206220
0.0000231292
0.0000260241
0.0000287174
0.0000317772
0.0000345981
0.0000377633
0.0000406536
0.0000438697
0.0000467778
0.0000499945
0.0000528685
0.0000560291
0.0000588046
0.0000618365
0.0000644328
0.0000672507
0.0000695814
0.0000721022
0.0000740906
0.0000762463
0.0000778324
0.0000795690
0.0000807006
0.0000819644
0.0000825827
0.0000833088
0.0000833433
0.0000834596
0.0000828406
0.0000822859
0.0000809641
0.0000797038
0.0000776592
0.0000756856
0.0000729182
0.0000702354
0.0000667488
0.0000633589
0.0000591540
0.0000550608
0.0000501490
0.0000453774
0.0000398005
0.0000344121
0.0000282496
0.0000223386
0.0000156931
0.0000093650
0.0000023390
-0.0000043087
-0.0000116230
-0.0000184989
-0.0000260063
-0.0000330043
-0.0000405836
-0.0000475646
-0.0000550608
-0.0000618573
-0.0000690983
-0.0000755400
-0.0000823644
-0.0000883012
-0.0000945711
-0.0000998726
-0.0001054601
-0.0001099935
-0.0001147567
-0.0001183681
-0.0001221450
-0.0001246689
-0.0001273002
-0.0001285920
-0.0001299566
-0.0001299215
-0.0001299521
-0.0001285442
-0.0001272099
-0.0001244034
-0.0001216781
-0.0001174417
-0.0001132913
-0.0001075927
-0.0001019972
-0.0000948367
-0.0000878259
-0.0000792651
-0.0000709331
-0.0000610904
-0.0000515719
-0.0000405861
-0.0000300170
-0.0000180152
-0.0000065173
0.0000063792
0.0000186725
0.0000323090
0.0000452103
0.0000593646
0.0000726173
0.0000870090
0.0001003191
0.0001146573
0.0001277465
0.0001417747
0.0001544061
0.0001679030
0.0001798573
0.0001925961
0.0002036263
0.0002153389
0.0002251557
0.0002355446
0.0002438547
0.0002526503
0.0002592179
0.0002662286
0.0002709014
0.0002760085
0.0002786831
0.0002817858
0.0002823468
0.0002833125
0.0002816088
0.0002802841
0.0002761737
0.0002724523
0.0002658768
0.0002597620
0.0002507809
0.0002423827
0.0002311335
0.0002206022
0.0002072260
0.0001946905
0.0001793002
0.0001648759
0.0001476035
0.0001314670
0.0001125446
0.0000949986
0.0000747882
0.0000562442
0.0000351738
0.0000160563
-0.0000054849
-0.0000248278
-0.0000465404
-0.0000658346
-0.0000874546
-0.0001064093
-0.0001276055
-0.0001458268
-0.0001661559
-0.0001831590
-0.0002021355
-0.0002174557
-0.0002346760
-0.0002479745
-0.0002631760
-0.0002742348
-0.0002872281
-0.0002958369
-0.0003063772
-0.0003122275
-0.0003199639
-0.0003226711
-0.0003272427
-0.0003264957
-0.0003276986
-0.0003234026
-0.0003212705
-0.0003135418
-0.0003082543
-0.0002972634
-0.0002889641
-0.0002747773
-0.0002634821
-0.0002460628
-0.0002317574
-0.0002111360
-0.0001939739
-0.0001704188
-0.0001508149
-0.0001248171
-0.0001033218
-0.0000753852
-0.0000524425
-0.0000228737
0.0000012971
0.0000323783
0.0000576382
0.0000900520
0.0001160528
0.0001493048
0.0001753404
0.0002086263
0.0002337990
0.0002663001
0.0002898742
0.0003210817
0.0003426905
0.0003724379
0.0003919259
0.0004200792
0.0004371198
0.0004632307
0.0004771150
0.0005004215
0.0005102872
0.0005301313
0.0005354685
0.0005517647
0.0005527109
0.0005659772
0.0005630481
0.0005738886
0.0005673215
0.0005758029
0.0005651247
0.0005706758
0.0005549758
0.0005570035
0.0005357398
0.0005344419
0.0005080209
0.0005045795
0.0004740494
0.0004698930
0.0004359014
0.0004316587
0.0003936431
0.0003888843
0.0003454370
0.0003397292
0.0002900497
0.0002845908
0.0002297423
0.0002280307
0.0001705402
0.0001771206
0.0001187291
0.0001367980
0.0000759743
0.0001061121
0.0000376319
0.0000796551
-0.0000028753
0.0000549045
-0.0000456880
0.0000410518
-0.0000786807
0.0000627876
-0.0000805234
0.0001570962
-0.0000332521
0.0003745392
0.0000626717
0.0008369924
0.0001814736
0.0022233472
0.0002801030
0.0181943604
0.8758972328
0.0181943604
0.0002801030
0.0022233472
0.0001814736
0.0008369924
0.0000626717
0.0003745392
-0.0000332521
0.0001570962
-0.0000805234
0.0000627876
-0.0000786807
0.0000410518
-0.0000456880
0.0000549045
-0.0000028753
0.0000796551
0.0000376319
0.0001061121
0.0000759743
0.0001367980
0.0001187291
0.0001771206
0.0001705402
0.0002280307
0.0002297423
0.0002845908
0.0002900497
0.0003397292
0.0003454370
0.0003888843
0.0003936431
0.0004316587
0.0004359014
0.0004698930
0.0004740494
0.0005045795
0.0005080209
0.0005344419
0.0005357398
0.0005570035
0.0005549758
0.0005706758
0.0005651247
0.0005758029
0.0005673215
0.0005738886
0.0005630481
0.0005659772
0.0005527109
0.0005517647
0.0005354685
0.0005301313
0.0005102872
0.0005004215
0.0004771150
0.0004632307
0.0004371198
0.0004200792
0.0003919259
0.0003724379
0.0003426905
0.0003210817
0.0002898742
0.0002663001
0.0002337990
0.0002086263
0.0001753404
0.0001493048
0.0001160528
0.0000900520
0.0000576382
0.0000323783
0.0000012971
-0.0000228737
-0.0000524425
-0.0000753852
-0.0001033218
-0.0001248171
-0.0001508149
-0.0001704188
-0.0001939739
-0.0002111360
-0.0002317574
-0.0002460628
-0.0002634821
-0.0002747773
-0.0002889641
-0.0002972634
-0.0003082543
-0.0003135418
-0.0003212705
-0.0003234026
-0.0003276986
-0.0003264957
-0.0003272427
-0.0003226711
-0.0003199639
-0.0003122275
-0.0003063772
-0.0002958369
-0.0002872281
-0.0002742348
-0.0002631760
-0.0002479745
-0.0002346760
-0.0002174557
-0.0002021355
-0.0001831590
-0.0001661559
-0.0001458268
-0.0001276055
-0.0001064093
-0.0000874546
-0.0000658346
-0.0000465404
-0.0000248278
-0.0000054849
0.0000160563
0.0000351738
0.0000562442
0.0000747882
0.0000949986
0.0001125446
0.0001314670
0.0001476035
0.0001648759
0.0001793002
0.0001946905
0.0002072260
0.0002206022
0.0002311335
0.0002423827
0.0002507809
0.0002597620
0.0002658768
0.0002724523
0.0002761737
0.0002802841
0.0002816088
0.0002833125
0.0002823468
0.0002817858
0.0002786831
0.0002760085
0.0002709014
0.0002662286
0.0002592179
0.0002526503
0.0002438547
0.0002355446
0.0002251557
0.0002153389
0.0002036263
0.0001925961
0.0001798573
0.0001679030
0.0001544061
0.0001417747
0.0001277465
0.0001146573
0.0001003191
0.0000870090
0.0000726173
0.0000593646
0.0000452103
0.0000323090
0.0000186725
0.0000063792
-0.0000065173
-0.0000180152
-0.0000300170
-0.0000405861
-0.0000515719
-0.0000610904
-0.0000709331
-0.0000792651
-0.0000878259
-0.0000948367
-0.0001019972
-0.0001075927
-0.0001132913
-0.0001174417
-0.0001216781
-0.0001244034
-0.0001272099
-0.0001285442
-0.0001299521
-0.0001299215
-0.0001299566
-0.0001285920
-0.0001273002
-0.0001246689
-0.0001221450
-0.0001183681
-0.0001147567
-0.0001099935
-0.0001054601
-0.0000998726
-0.0000945711
-0.0000883012
-0.0000823644
-0.0000755400
-0.0000690983
-0.0000618573
-0.0000550608
-0.0000475646
-0.0000405836
-0.0000330043
-0.0000260063
-0.0000184989
-0.0000116230
-0.0000043087
0.0000023390
0.0000093650
0.0000156931
0.0000223386
0.0000282496
0.0000344121
0.0000398005
0.0000453774
0.0000501490
0.0000550608
0.0000591540
0.0000633589
0.0000667488
0.0000702354
0.0000729182
0.0000756856
0.0000776592
0.0000797038
0.0000809641
0.0000822859
0.0000828406
0.0000834596
0.0000833433
0.0000833088
0.0000825827
0.0000819644
0.0000807006
0.0000795690
0.0000778324
0.0000762463
0.0000740906
0.0000721022
0.0000695814
0.0000672507
0.0000644328
0.0000618365
0.0000588046
0.0000560291
0.0000528685
0.0000499945
0.0000467778
0.0000438697
0.0000406536
0.0000377633
0.0000345981
0.0000317772
0.0000287174
0.0000260241
0.0000231292
0.0000206220
0.0000179454
0.0000156695
0.0000132461
0.0000112260
0.0000090706
0.0000073145
0.0000054315
0.0000039433
0.0000023381
0.0000011257
-0.0000001926
-0.0000011208
-0.0000021474
-0.0000027922
-0.0000035354
-0.0000039126
-0.0000043946
-0.0000045302
-0.0000047787
-0.0000046989
-0.0000047371
-0.0000044616
-0.0000043067
-0.0000038520
-0.0000035224
-0.0000029102
-0.0000024326
-0.0000016949
-0.0000011054
-0.0000002798
0.0000003843
0.0000012634
0.0000019722
0.0000028801
0.0000036132
0.0000045324
0.0000052731
0.0000061862
0.0000069151
0.0000078006
0.0000084945
0.0000093295
0.0000099674
0.0000107347
0.0000113043
0.0000119965
0.0000124944
0.0000131110
0.0000135375
0.0000140780
0.0000144303
0.0000148898
0.0000151614
0.0000155331
0.0000157183
0.0000159996
0.0000160995
0.0000162954
0.0000163185
0.0000164396
0.0000163969
0.0000164536
0.0000163535
0.0000163521
0.0000161991
0.0000161434
0.0000159420
0.0000158385
0.0000155975
0.0000154574
0.0000151897
0.0000150269
0.0000147456
0.0000145712
0.0000142848
0.0000141043
0.0000138157
0.0000136307
0.0000133409
0.0000131534
0.0000128660
0.0000126812
0.0000124026
0.0000122274
0.0000119640
0.0000118033
0.0000115575
0.0000114116
0.0000111819
0.0000110481
0.0000108316
0.0000107080
0.0000105043
0.0000103920
0.0000102031
0.0000101045
0.0000099324
0.0000098482
0.0000096914
0.0000096183
0.0000094722
0.0000094048
0.0000092638
0.0000091976
0.0000090587
0.0000089924
0.0000088556
0.0000087899
0.0000086560
0.0000085912
0.0000084593
0.0000083933
0.0000082606
0.0000081903
0.0000080539
0.0000079776
0.0000078372
0.0000077561
0.0000076138
0.0000075307
0.0000073893
0.0000073062
0.0000071665
0.0000070832
0.0000069441
0.0000068589
0.0000067189
0.0000066311
0.0000064905
0.0000064018
0.0000062631
0.0000061763
0.0000060422
0.0000059597
0.0000058318
0.0000057540
0.0000056318
0.0000055582
0.0000054413
0.0000053718
0.0000052609
0.0000051971
0.0000050943
0.0000050385
0.0000049458
0.0000048994
0.0000048170
0.0000047792
0.0000047056
0.0000046743
0.0000046075
0.0000045810
0.0000045196
0.0000044974
0.0000044416
0.0000044240
0.0000043737
0.0000043604
0.0000043146
0.0000043038
0.0000042603
0.0000042496
0.0000042059
0.0000041933
0.0000041481
0.0000041328
0.0000040858
0.0000040680
0.0000040191
0.0000039982
0.0000039464
0.0000039210
0.0000038645
0.0000038324
0.0000037692
0.0000037290
0.0000036582
0.0000036099
0.0000035319
0.0000034760
0.0000033916
0.0000033289
0.0000032384
0.0000031690
0.0000030723
0.0000029960
0.0000028931
0.0000028104
0.0000027022
0.0000026145
0.0000025031
0.0000024125
0.0000022999
0.0000022085
0.0000020961
0.0000020049
0.0000018937
0.0000018034
0.0000016939
0.0000016056
0.0000014992
0.0000014144
0.0000013132
0.0000012341
0.0000011400
0.0000010684
0.0000009829
0.0000009200
0.0000008439
0.0000007902
0.0000007241
0.0000006804
0.0000006252
0.0000005928
0.0000005498
0.0000005299
0.0000005003
0.0000004940
0.0000004783
0.0000004854
0.0000004833
0.0000005033
0.0000005140
0.0000005463
0.0000005693
0.0000006136
0.0000006488
0.0000007050
0.0000007522
0.0000008197
0.0000008780
0.0000009558
0.0000010236
0.0000011100
0.0000011859
0.0000012793
0.0000013618
0.0000014611
0.0000015490
0.0000016531
0.0000017455
0.0000018531
0.0000019482
0.0000020576
0.0000021533
0.0000022620
0.0000023560
0.0000024619
