# FIR type: ノイズ
# tap_count: 1023
# low_gain: 1.2
# mid_gain: 1.0
# high_gain: 0.9
# base_boost: 1.05
# scale_boost: 0.1
# use_auto_taps: 0
# ----
0.0000027741
0.0000026613
0.0000025609
0.0000024452
0.0000023430
0.0000022266
0.0000021250
0.0000020101
0.0000019112
0.0000017998
0.0000017052
0.0000015987
0.0000015097
0.0000014092
0.0000013269
0.0000012336
0.0000011595
0.0000010750
0.0000010107
0.0000009365
0.0000008834
0.0000008207
0.0000007798
0.0000007291
0.0000007006
0.0000006622
0.0000006463
0.0000006204
0.0000006176
0.0000006049
0.0000006157
0.0000006166
0.0000006415
0.0000006558
0.0000006942
0.0000007212
0.0000007719
0.0000008102
0.0000008720
0.0000009204
0.0000009921
0.0000010497
0.0000011307
0.0000011967
0.0000012861
0.0000013593
0.0000014555
0.0000015342
0.0000016351
0.0000017170
0.0000018207
0.0000019042
0.0000020093
0.0000020931
0.0000021988
0.0000022822
0.0000023874
0.0000024691
0.0000025723
0.0000026504
0.0000027495
0.0000028218
0.0000029150
0.0000029800
0.0000030662
0.0000031234
0.0000032024
0.0000032518
0.0000033236
0.0000033651
0.0000034294
0.0000034622
0.0000035183
0.0000035419
0.0000035895
0.0000036041
0.0000036440
0.0000036510
0.0000036851
0.0000036864
0.0000037164
0.0000037135
0.0000037406
0.0000037339
0.0000037583
0.0000037481
0.0000037702
0.0000037574
0.0000037785
0.0000037649
0.0000037874
0.0000037754
0.0000038015
0.0000037928
0.0000038236
0.0000038185
0.0000038541
0.0000038528
0.0000038934
0.0000038964
0.0000039432
0.0000039521
0.0000040070
0.0000040238
0.0000040882
0.0000041135
0.0000041872
0.0000042197
0.0000043011
0.0000043388
0.0000044257
0.0000044671
0.0000045589
0.0000046038
0.0000047007
0.0000047496
0.0000048517
0.0000049039
0.0000050099
0.0000050632
0.0000051704
0.0000052221
0.0000053284
0.0000053771
0.0000054820
0.0000055283
0.0000056330
0.0000056780
0.0000057836
0.0000058276
0.0000059332
0.0000059744
0.0000060777
0.0000061137
0.0000062127
0.0000062424
0.0000063376
0.0000063627
0.0000064565
0.0000064799
0.0000065751
0.0000065987
0.0000066965
0.0000067205
0.0000068204
0.0000068445
0.0000069472
0.0000069730
0.0000070814
0.0000071133
0.0000072328
0.0000072761
0.0000074112
0.0000074690
0.0000076213
0.0000076936
0.0000078618
0.0000079465
0.0000081289
0.0000082254
0.0000084226
0.0000085325
0.0000087471
0.0000088726
0.0000091057
0.0000092465
0.0000094958
0.0000096474
0.0000099070
0.0000100629
0.0000103267
0.0000104819
0.0000107464
0.0000108983
0.0000111616
0.0000113081
0.0000115668
0.0000117020
0.0000119476
0.0000120605
0.0000122803
0.0000123575
0.0000125388
0.0000125691
0.0000127028
0.0000126792
0.0000127601
0.0000126777
0.0000127003
0.0000125525
0.0000125086
0.0000122853
0.0000121643
0.0000118556
0.0000116495
0.0000112504
0.0000109581
0.0000104707
0.0000100971
0.0000095276
0.0000090786
0.0000084317
0.0000079105
0.0000071877
0.0000065952
0.0000057980
0.0000051386
0.0000042752
0.0000035616
0.0000026492
0.0000019021
0.0000009633
0.0000002059
-0.0000007372
-0.0000014845
-0.0000024132
-0.0000031318
-0.0000040266
-0.0000046944
-0.0000055292
-0.0000061154
-0.0000068557
-0.0000073229
-0.0000079308
-0.0000082430
-0.0000086860
-0.0000088148
-0.0000090693
-0.0000089946
-0.0000090420
-0.0000087445
-0.0000085639
-0.0000080196
-0.0000075848
-0.0000067669
-0.0000060525
-0.0000049390
-0.0000039293
-0.0000025115
-0.0000012044
0.0000005143
0.0000021116
0.0000041233
0.0000060032
0.0000083017
0.0000104588
0.0000130376
0.0000154613
0.0000183035
0.0000209678
0.0000240376
0.0000268968
0.0000301408
0.0000331363
0.0000364945
0.0000395670
0.0000429823
0.0000460767
0.0000494950
0.0000525552
0.0000559160
0.0000588745
0.0000621027
0.0000648773
0.0000678868
0.0000703901
0.0000730964
0.0000752495
0.0000775815
0.0000793204
0.0000812193
0.0000824869
0.0000838948
0.0000846290
0.0000854790
0.0000856085
0.0000858283
0.0000852837
0.0000848119
0.0000835429
0.0000823432
0.0000803268
0.0000783883
0.0000756214
0.0000729455
0.0000694306
0.0000660198
0.0000617597
0.0000576212
0.0000526307
0.0000477923
0.0000421157
0.0000366402
0.0000303571
0.0000243385
0.0000175513
0.0000110958
0.0000039090
-0.0000028820
-0.0000103704
-0.0000173986
-0.0000250861
-0.0000322385
-0.0000399984
-0.0000471318
-0.0000548062
-0.0000617512
-0.0000691662
-0.0000757500
-0.0000827401
-0.0000888065
-0.0000952263
-0.0001006362
-0.0001063488
-0.0001109612
-0.0001158185
-0.0001194755
-0.0001233132
-0.0001258486
-0.0001285072
-0.0001297753
-0.0001311315
-0.0001310335
-0.0001310141
-0.0001294972
-0.0001280648
-0.0001250982
-0.0001222238
-0.0001177760
-0.0001134283
-0.0001074715
-0.0001016356
-0.0000941747
-0.0000868838
-0.0000779820
-0.0000693296
-0.0000591035
-0.0000492230
-0.0000378115
-0.0000268418
-0.0000143785
-0.0000024509
0.0000109314
0.0000236712
0.0000378062
0.0000511612
0.0000658199
0.0000795291
0.0000944281
0.0001081947
0.0001230390
0.0001365774
0.0001510999
0.0001641594
0.0001781227
0.0001904674
0.0002036298
0.0002150008
0.0002270858
0.0002371890
0.0002478973
0.0002564381
0.0002654974
0.0002722344
0.0002794440
0.0002842125
0.0002894393
0.0002921215
0.0002952527
0.0002957250
0.0002966252
0.0002947387
0.0002932602
0.0002888796
0.0002849218
0.0002779915
0.0002715565
0.0002621306
0.0002533209
0.0002415296
0.0002304912
0.0002164762
0.0002033451
0.0001872324
0.0001721413
0.0001540815
0.0001372245
0.0001174630
0.0000991507
0.0000780521
0.0000586957
0.0000366874
0.0000167135
-0.0000058076
-0.0000260352
-0.0000487475
-0.0000689280
-0.0000915399
-0.0001113569
-0.0001335175
-0.0001525649
-0.0001738263
-0.0001916196
-0.0002114979
-0.0002275709
-0.0002456554
-0.0002596533
-0.0002756578
-0.0002873339
-0.0003010395
-0.0003101579
-0.0003213028
-0.0003275478
-0.0003357847
-0.0003387821
-0.0003437634
-0.0003432123
-0.0003447372
-0.0003405354
-0.0003386210
-0.0003308611
-0.0003256630
-0.0003144964
-0.0003061506
-0.0002916492
-0.0002801910
-0.0002623468
-0.0002477952
-0.0002266674
-0.0002091951
-0.0001850569
-0.0001650711
-0.0001383957
-0.0001164278
-0.0000877051
-0.0000641999
-0.0000337544
-0.0000089677
0.0000230327
0.0000489079
0.0000822364
0.0001088183
0.0001429683
0.0001695568
0.0002037464
0.0002294693
0.0002629003
0.0002870227
0.0003191653
0.0003412732
0.0003718980
0.0003917645
0.0004206772
0.0004379342
0.0004646782
0.0004786357
0.0005024951
0.0005123427
0.0005327077
0.0005379552
0.0005547294
0.0005554616
0.0005690879
0.0005657285
0.0005767367
0.0005694740
0.0005779362
0.0005663442
0.0005717853
0.0005550586
0.0005569925
0.0005346467
0.0005332844
0.0005056614
0.0005020837
0.0004700875
0.0004656098
0.0004298030
0.0004250726
0.0003849754
0.0003797549
0.0003341622
0.0003282542
0.0002764952
0.0002711697
0.0002141909
0.0002127736
0.0001527739
0.0001595638
0.0000980114
0.0001162135
0.0000516461
0.0000822984
0.0000099006
0.0000535491
-0.0000327400
0.0000282788
-0.0000762679
0.0000151861
-0.0001100909
0.0000369730
-0.0001156929
0.0001284577
-0.0000775506
0.0003406113
0.0000037927
0.0008031978
0.0001057682
0.0022332292
0.0001907998
0.0189396150
0.8744235006
0.0189396150
0.0001907998
0.0022332292
0.0001057682
0.0008031978
0.0000037927
0.0003406113
-0.0000775506
0.0001284577
-0.0001156929
0.0000369730
-0.0001100909
0.0000151861
-0.0000762679
0.0000282788
-0.0000327400
0.0000535491
0.0000099006
0.0000822984
0.0000516461
0.0001162135
0.0000980114
0.0001595638
0.0001527739
0.0002127736
0.0002141909
0.0002711697
0.0002764952
0.0003282542
0.0003341622
0.0003797549
0.0003849754
0.0004250726
0.0004298030
0.0004656098
0.0004700875
0.0005020837
0.0005056614
0.0005332844
0.0005346467
0.0005569925
0.0005550586
0.0005717853
0.0005663442
0.0005779362
0.0005694740
0.0005767367
0.0005657285
0.0005690879
0.0005554616
0.0005547294
0.0005379552
0.0005327077
0.0005123427
0.0005024951
0.0004786357
0.0004646782
0.0004379342
0.0004206772
0.0003917645
0.0003718980
0.0003412732
0.0003191653
0.0002870227
0.0002629003
0.0002294693
0.0002037464
0.0001695568
0.0001429683
0.0001088183
0.0000822364
0.0000489079
0.0000230327
-0.0000089677
-0.0000337544
-0.0000641999
-0.0000877051
-0.0001164278
-0.0001383957
-0.0001650711
-0.0001850569
-0.0002091951
-0.0002266674
-0.0002477952
-0.0002623468
-0.0002801910
-0.0002916492
-0.0003061506
-0.0003144964
-0.0003256630
-0.0003308611
-0.0003386210
-0.0003405354
-0.0003447372
-0.0003432123
-0.0003437634
-0.0003387821
-0.0003357847
-0.0003275478
-0.0003213028
-0.0003101579
-0.0003010395
-0.0002873339
-0.0002756578
-0.0002596533
-0.0002456554
-0.0002275709
-0.0002114979
-0.0001916196
-0.0001738263
-0.0001525649
-0.0001335175
-0.0001113569
-0.0000915399
-0.0000689280
-0.0000487475
-0.0000260352
-0.0000058076
0.0000167135
0.0000366874
0.0000586957
0.0000780521
0.0000991507
0.0001174630
0.0001372245
0.0001540815
0.0001721413
0.0001872324
0.0002033451
0.0002164762
0.0002304912
0.0002415296
0.0002533209
0.0002621306
0.0002715565
0.0002779915
0.0002849218
0.0002888796
0.0002932602
0.0002947387
0.0002966252
0.0002957250
0.0002952527
0.0002921215
0.0002894393
0.0002842125
0.0002794440
0.0002722344
0.0002654974
0.0002564381
0.0002478973
0.0002371890
0.0002270858
0.0002150008
0.0002036298
0.0001904674
0.0001781227
0.0001641594
0.0001510999
0.0001365774
0.0001230390
0.0001081947
0.0000944281
0.0000795291
0.0000658199
0.0000511612
0.0000378062
0.0000236712
0.0000109314
-0.0000024509
-0.0000143785
-0.0000268418
-0.0000378115
-0.0000492230
-0.0000591035
-0.0000693296
-0.0000779820
-0.0000868838
-0.0000941747
-0.0001016356
-0.0001074715
-0.0001134283
-0.0001177760
-0.0001222238
-0.0001250982
-0.0001280648
-0.0001294972
-0.0001310141
-0.0001310335
-0.0001311315
-0.0001297753
-0.0001285072
-0.0001258486
-0.0001233132
-0.0001194755
-0.0001158185
-0.0001109612
-0.0001063488
-0.0001006362
-0.0000952263
-0.0000888065
-0.0000827401
-0.0000757500
-0.0000691662
-0.0000617512
-0.0000548062
-0.0000471318
-0.0000399984
-0.0000322385
-0.0000250861
-0.0000173986
-0.0000103704
-0.0000028820
0.0000039090
0.0000110958
0.0000175513
0.0000243385
0.0000303571
0.0000366402
0.0000421157
0.0000477923
0.0000526307
0.0000576212
0.0000617597
0.0000660198
0.0000694306
0.0000729455
0.0000756214
0.0000783883
0.0000803268
0.0000823432
0.0000835429
0.0000848119
0.0000852837
0.0000858283
0.0000856085
0.0000854790
0.0000846290
0.0000838948
0.0000824869
0.0000812193
0.0000793204
0.0000775815
0.0000752495
0.0000730964
0.0000703901
0.0000678868
0.0000648773
0.0000621027
0.0000588745
0.0000559160
0.0000525552
0.0000494950
0.0000460767
0.0000429823
0.0000395670
0.0000364945
0.0000331363
0.0000301408
0.0000268968
0.0000240376
0.0000209678
0.0000183035
0.0000154613
0.0000130376
0.0000104588
0.0000083017
0.0000060032
0.0000041233
0.0000021116
0.0000005143
-0.0000012044
-0.0000025115
-0.0000039293
-0.0000049390
-0.0000060525
-0.0000067669
-0.0000075848
-0.0000080196
-0.0000085639
-0.0000087445
-0.0000090420
-0.0000089946
-0.0000090693
-0.0000088148
-0.0000086860
-0.0000082430
-0.0000079308
-0.0000073229
-0.0000068557
-0.0000061154
-0.0000055292
-0.0000046944
-0.0000040266
-0.0000031318
-0.0000024132
-0.0000014845
-0.0000007372
0.0000002059
0.0000009633
0.0000019021
0.0000026492
0.0000035616
0.0000042752
0.0000051386
0.0000057980
0.0000065952
0.0000071877
0.0000079105
0.0000084317
0.0000090786
0.0000095276
0.0000100971
0.0000104707
0.0000109581
0.0000112504
0.0000116495
0.0000118556
0.0000121643
0.0000122853
0.0000125086
0.0000125525
0.0000127003
0.0000126777
0.0000127601
0.0000126792
0.0000127028
0.0000125691
0.0000125388
0.0000123575
0.0000122803
0.0000120605
0.0000119476
0.0000117020
0.0000115668
0.0000113081
0.0000111616
0.0000108983
0.0000107464
0.0000104819
0.0000103267
0.0000100629
0.0000099070
0.0000096474
0.0000094958
0.0000092465
0.0000091057
0.0000088726
0.0000087471
0.0000085325
0.0000084226
0.0000082254
0.0000081289
0.0000079465
0.0000078618
0.0000076936
0.0000076213
0.0000074690
0.0000074112
0.0000072761
0.0000072328
0.0000071133
0.0000070814
0.0000069730
0.0000069472
0.0000068445
0.0000068204
0.0000067205
0.0000066965
0.0000065987
0.0000065751
0.0000064799
0.0000064565
0.0000063627
0.0000063376
0.0000062424
0.0000062127
0.0000061137
0.0000060777
0.0000059744
0.0000059332
0.0000058276
0.0000057836
0.0000056780
0.0000056330
0.0000055283
0.0000054820
0.0000053771
0.0000053284
0.0000052221
0.0000051704
0.0000050632
0.0000050099
0.0000049039
0.0000048517
0.0000047496
0.0000047007
0.0000046038
0.0000045589
0.0000044671
0.0000044257
0.0000043388
0.0000043011
0.0000042197
0.0000041872
0.0000041135
0.0000040882
0.0000040238
0.0000040070
0.0000039521
0.0000039432
0.0000038964
0.0000038934
0.0000038528
0.0000038541
0.0000038185
0.0000038236
0.0000037928
0.0000038015
0.0000037754
0.0000037874
0.0000037649
0.0000037785
0.0000037574
0.0000037702
0.0000037481
0.0000037583
0.0000037339
0.0000037406
0.0000037135
0.0000037164
0.0000036864
0.0000036851
0.0000036510
0.0000036440
0.0000036041
0.0000035895
0.0000035419
0.0000035183
0.0000034622
0.0000034294
0.0000033651
0.0000033236
0.0000032518
0.0000032024
0.0000031234
0.0000030662
0.0000029800
0.0000029150
0.0000028218
0.0000027495
0.0000026504
0.0000025723
0.0000024691
0.0000023874
0.0000022822
0.0000021988
0.0000020931
0.0000020093
0.0000019042
0.0000018207
0.0000017170
0.0000016351
0.0000015342
0.0000014555
0.0000013593
0.0000012861
0.0000011967
0.0000011307
0.0000010497
0.0000009921
0.0000009204
0.0000008720
0.0000008102
0.0000007719
0.0000007212
0.0000006942
0.0000006558
0.0000006415
0.0000006166
0.0000006157
0.0000006049
0.0000006176
0.0000006204
0.0000006463
0.0000006622
0.0000007006
0.0000007291
0.0000007798
0.0000008207
0.0000008834
0.0000009365
0.0000010107
0.0000010750
0.0000011595
0.0000012336
0.0000013269
0.0000014092
0.0000015097
0.0000015987
0.0000017052
0.0000017998
0.0000019112
0.0000020101
0.0000021250
0.0000022266
0.0000023430
0.0000024452
0.0000025609
0.0000026613
0.0000027741
